id,label
0,99
1,99
2,99
3,99
4,99
5,99
6,99
7,99
8,99
9,99
10,99
11,99
12,99
13,99
14,99
15,99
16,99
17,99
18,99
19,99
20,99
21,99
22,16
23,99
24,99
25,99
26,99
27,99
28,7
29,99
30,99
31,99
32,99
33,99
34,99
35,99
36,99
37,14
38,99
39,5
40,99
41,99
42,99
43,99
44,5
45,99
46,12
47,99
48,3
49,99
50,99
51,99
52,99
53,99
54,99
55,99
56,5
57,99
58,1
59,5
60,5
61,14
62,99
63,99
64,7
65,99
66,99
67,7
68,5
69,5
70,5
71,99
72,99
73,0
74,99
75,99
76,99
77,99
78,99
79,99
80,99
81,99
82,14
83,99
84,99
85,3
86,3
87,7
88,99
89,3
90,99
91,99
92,99
93,6
94,99
95,1
96,99
97,7
98,12
99,99
100,99
101,99
102,7
103,99
104,3
105,99
106,99
107,6
108,99
109,5
110,99
111,99
112,99
113,7
114,99
115,14
116,3
117,99
118,8
119,99
120,99
121,5
122,99
123,99
124,16
125,99
126,99
127,99
128,99
129,5
130,6
131,99
132,7
133,99
134,99
135,99
136,5
137,99
138,8
139,5
140,1
141,99
142,99
143,6
144,9
145,99
146,14
147,9
148,99
149,99
150,99
151,5
152,99
153,99
154,99
155,99
156,99
157,4
158,99
159,1
160,5
161,99
162,99
163,5
164,5
165,99
166,99
167,5
168,5
169,99
170,99
171,99
172,99
173,99
174,99
175,99
176,99
177,7
178,7
179,99
180,99
181,99
182,99
183,3
184,1
185,99
186,99
187,5
188,5
189,99
190,99
191,5
192,8
193,99
194,99
195,99
196,99
197,99
198,99
199,5
200,99
201,99
202,99
203,5
204,99
205,5
206,99
207,99
208,99
209,6
210,99
211,99
212,9
213,99
214,3
215,99
216,3
217,99
218,99
219,99
220,99
221,9
222,5
223,3
224,16
225,99
226,99
227,99
228,99
229,99
230,11
231,99
232,99
233,99
234,99
235,99
236,99
237,99
238,4
239,99
240,5
241,99
242,99
243,99
244,99
245,99
246,99
247,99
248,5
249,5
250,99
251,5
252,7
253,9
254,99
255,1
256,99
257,99
258,99
259,99
260,99
261,99
262,99
263,99
264,99
265,99
266,99
267,99
268,5
269,99
270,99
271,99
272,99
273,5
274,99
275,3
276,5
277,99
278,99
279,99
280,5
281,3
282,3
283,99
284,99
285,99
286,3
287,99
288,99
289,1
290,99
291,99
292,5
293,8
294,99
295,99
296,99
297,99
298,99
299,99
300,5
301,99
302,99
303,5
304,5
305,14
306,5
307,7
308,99
309,5
310,99
311,5
312,1
313,99
314,99
315,99
316,5
317,99
318,99
319,9
320,9
321,99
322,5
323,3
324,99
325,99
326,99
327,5
328,6
329,99
330,99
331,1
332,99
333,99
334,99
335,99
336,5
337,5
338,5
339,99
340,99
341,99
342,5
343,0
344,3
345,99
346,99
347,99
348,99
349,1
350,99
351,99
352,99
353,99
354,3
355,7
356,99
357,1
358,99
359,99
360,99
361,3
362,99
363,99
364,9
365,99
366,3
367,99
368,99
369,99
370,99
371,99
372,99
373,5
374,99
375,99
376,99
377,99
378,99
379,5
380,99
381,5
382,99
383,99
384,99
385,99
386,99
387,99
388,99
389,99
390,9
391,99
392,99
393,1
394,99
395,99
396,0
397,99
398,99
399,99
400,99
401,99
402,5
403,99
404,5
405,99
406,99
407,5
408,99
409,6
410,99
411,99
412,99
413,5
414,99
415,9
416,5
417,99
418,99
419,1
420,8
421,99
422,99
423,1
424,1
425,99
426,99
427,99
428,99
429,99
430,99
431,99
432,99
433,99
434,99
435,5
436,99
437,99
438,99
439,99
440,99
441,5
442,99
443,5
444,99
445,99
446,11
447,99
448,99
449,99
450,99
451,5
452,99
453,99
454,99
455,99
456,99
457,5
458,7
459,99
460,9
461,99
462,99
463,99
464,0
465,9
466,99
467,99
468,5
469,99
470,99
471,99
472,99
473,99
474,99
475,99
476,99
477,99
478,5
479,99
480,99
481,6
482,99
483,99
484,99
485,99
486,99
487,99
488,99
489,5
490,99
491,99
492,14
493,99
494,1
495,6
496,99
497,7
498,99
499,99
500,99
501,99
502,99
503,99
504,99
505,99
506,99
507,99
508,99
509,99
510,99
511,5
512,99
513,3
514,99
515,5
516,3
517,3
518,99
519,8
520,5
521,99
522,3
523,3
524,99
525,99
526,99
527,3
528,99
529,99
530,99
531,99
532,99
533,99
534,99
535,3
536,99
537,99
538,3
539,99
540,3
541,1
542,3
543,99
544,99
545,5
546,99
547,5
548,3
549,99
550,3
551,99
552,99
553,5
554,1
555,99
556,99
557,99
558,99
559,3
560,3
561,99
562,7
563,99
564,7
565,99
566,99
567,99
568,3
569,99
570,99
571,3
572,7
573,99
574,99
575,5
576,99
577,99
578,99
579,99
580,99
581,99
582,99
583,99
584,99
585,3
586,99
587,99
588,99
589,99
590,99
591,99
592,99
593,3
594,99
595,5
596,99
597,99
598,3
599,3
600,7
601,7
602,99
603,99
604,99
605,99
606,99
607,0
608,7
609,1
610,3
611,3
612,99
613,3
614,5
615,3
616,99
617,99
618,3
619,99
620,3
621,8
622,99
623,99
624,99
625,3
626,99
627,99
628,99
629,99
630,99
631,99
632,99
633,99
634,5
635,13
636,3
637,99
638,99
639,99
640,99
641,99
642,5
643,5
644,3
645,99
646,99
647,99
648,99
649,7
650,99
651,99
652,99
653,99
654,99
655,99
656,99
657,99
658,5
659,99
660,99
661,3
662,99
663,99
664,99
665,99
666,99
667,99
668,99
669,7
670,99
671,99
672,99
673,99
674,99
675,99
676,99
677,99
678,99
679,1
680,99
681,3
682,99
683,99
684,99
685,99
686,99
687,5
688,99
689,99
690,99
691,99
692,99
693,14
694,99
695,1
696,99
697,99
698,99
699,99
700,99
701,99
702,99
703,99
704,99
705,99
706,99
707,99
708,7
709,99
710,99
711,99
712,5
713,99
714,99
715,99
716,99
717,99
718,1
719,1
720,99
721,99
722,99
723,5
724,5
725,99
726,1
727,99
728,5
729,99
730,99
731,99
732,99
733,99
734,99
735,99
736,99
737,14
738,99
739,99
740,99
741,1
742,3
743,99
744,3
745,99
746,99
747,99
748,99
749,99
750,99
751,99
752,99
753,99
754,99
755,1
756,99
757,7
758,99
759,7
760,99
761,99
762,99
763,99
764,5
765,99
766,99
767,3
768,99
769,99
770,99
771,3
772,99
773,99
774,99
775,99
776,99
777,5
778,99
779,99
780,99
781,99
782,99
783,99
784,3
785,14
786,99
787,99
788,99
789,99
790,99
791,99
792,5
793,99
794,99
795,99
796,1
797,99
798,99
799,7
800,99
801,99
802,99
803,99
804,14
805,99
806,99
807,99
808,99
809,99
810,99
811,99
812,99
813,5
814,7
815,99
816,99
817,99
818,9
819,99
820,99
821,99
822,1
823,99
824,5
825,99
826,99
827,99
828,99
829,5
830,99
831,99
832,99
833,99
834,16
835,3
836,5
837,5
838,99
839,5
840,99
841,99
842,5
843,99
844,99
845,99
846,99
847,99
848,99
849,14
850,99
851,99
852,99
853,99
854,99
855,6
856,99
857,7
858,16
859,99
860,5
861,99
862,99
863,99
864,99
865,99
866,99
867,9
868,99
869,3
870,99
871,99
872,99
873,99
874,99
875,3
876,99
877,99
878,99
879,3
880,99
881,5
882,99
883,99
884,99
885,5
886,99
887,99
888,13
889,99
890,99
891,3
892,14
893,5
894,5
895,99
896,7
897,99
898,5
899,99
900,99
901,5
902,7
903,99
904,1
905,99
906,3
907,99
908,5
909,99
910,99
911,99
912,14
913,5
914,5
915,99
916,5
917,1
918,99
919,99
920,5
921,13
922,11
923,99
924,99
925,99
926,6
927,3
928,9
929,99
930,99
931,99
932,99
933,99
934,99
935,5
936,99
937,99
938,99
939,3
940,99
941,99
942,99
943,99
944,99
945,5
946,99
947,3
948,1
949,99
950,99
951,5
952,99
953,7
954,5
955,5
956,3
957,99
958,1
959,5
960,99
961,99
962,99
963,99
964,5
965,99
966,99
967,5
968,99
969,1
970,99
971,99
972,99
973,5
974,99
975,5
976,12
977,99
978,99
979,99
980,99
981,3
982,99
983,99
984,5
985,1
986,5
987,99
988,1
989,6
990,5
991,99
992,99
993,99
994,1
995,99
996,13
997,5
998,99
999,99
1000,99
1001,5
1002,5
1003,5
1004,5
1005,99
1006,99
1007,99
1008,99
1009,99
1010,99
1011,99
1012,99
1013,99
1014,5
1015,99
1016,99
1017,99
1018,5
1019,5
1020,99
1021,99
1022,99
1023,7
1024,99
1025,99
1026,5
1027,99
1028,99
1029,99
1030,5
1031,99
1032,99
1033,99
1034,99
1035,99
1036,99
1037,99
1038,5
1039,99
1040,99
1041,99
1042,99
1043,99
1044,99
1045,99
1046,99
1047,99
1048,99
1049,5
1050,13
1051,14
1052,99
1053,99
1054,99
1055,99
1056,99
1057,99
1058,99
1059,99
1060,99
1061,99
1062,0
1063,99
1064,99
1065,99
1066,99
1067,99
1068,99
1069,5
1070,99
1071,99
1072,99
1073,5
1074,99
1075,99
1076,12
1077,99
1078,99
1079,99
1080,99
1081,99
1082,5
1083,99
1084,99
1085,5
1086,99
1087,3
1088,5
1089,5
1090,99
1091,5
1092,99
1093,99
1094,99
1095,99
1096,99
1097,99
1098,3
1099,99
1100,99
1101,99
1102,99
1103,99
1104,99
1105,99
1106,99
1107,99
1108,5
1109,99
1110,99
1111,6
1112,99
1113,5
1114,99
1115,99
1116,5
1117,9
1118,99
1119,6
1120,3
1121,99
1122,99
1123,99
1124,5
1125,99
1126,99
1127,5
1128,99
1129,99
1130,99
1131,99
1132,5
1133,0
1134,5
1135,99
1136,14
1137,99
1138,5
1139,3
1140,99
1141,99
1142,99
1143,99
1144,1
1145,99
1146,99
1147,99
1148,99
1149,99
1150,99
1151,99
1152,99
1153,99
1154,99
1155,99
1156,5
1157,99
1158,99
1159,99
1160,5
1161,99
1162,5
1163,99
1164,99
1165,5
1166,99
1167,99
1168,99
1169,1
1170,99
1171,99
1172,99
1173,99
1174,5
1175,7
1176,99
1177,5
1178,99
1179,99
1180,99
1181,5
1182,99
1183,99
1184,99
1185,5
1186,99
1187,9
1188,99
1189,9
1190,5
1191,99
1192,99
1193,5
1194,99
1195,99
1196,1
1197,99
1198,99
1199,5
1200,99
1201,0
1202,99
1203,99
1204,3
1205,14
1206,5
1207,99
1208,99
1209,99
1210,3
1211,99
1212,99
1213,5
1214,99
1215,5
1216,99
1217,99
1218,99
1219,5
1220,5
1221,99
1222,99
1223,99
1224,99
1225,99
1226,5
1227,99
1228,99
1229,99
1230,99
1231,99
1232,7
1233,99
1234,9
1235,99
1236,99
1237,99
1238,99
1239,99
1240,5
1241,99
1242,99
1243,99
1244,99
1245,99
1246,99
1247,99
1248,99
1249,5
1250,99
1251,99
1252,9
1253,99
1254,99
1255,99
1256,99
1257,5
1258,99
1259,99
1260,99
1261,99
1262,7
1263,99
1264,99
1265,6
1266,6
1267,8
1268,7
1269,3
1270,1
1271,99
1272,99
1273,99
1274,99
1275,99
1276,99
1277,99
1278,99
1279,99
1280,99
1281,99
1282,5
1283,99
1284,9
1285,99
1286,99
1287,99
1288,99
1289,99
1290,99
1291,99
1292,99
1293,5
1294,99
1295,99
1296,99
1297,99
1298,99
1299,99
1300,5
1301,99
1302,99
1303,99
1304,99
1305,99
1306,99
1307,5
1308,5
1309,99
1310,99
1311,1
1312,5
1313,99
1314,99
1315,5
1316,99
1317,99
1318,99
1319,5
1320,99
1321,5
1322,3
1323,99
1324,99
1325,5
1326,14
1327,99
1328,1
1329,99
1330,99
1331,99
1332,99
1333,99
1334,99
1335,99
1336,5
1337,99
1338,99
1339,99
1340,99
1341,8
1342,99
1343,99
1344,5
1345,5
1346,5
1347,99
1348,99
1349,99
1350,99
1351,5
1352,99
1353,99
1354,99
1355,99
1356,99
1357,5
1358,5
1359,7
1360,99
1361,99
1362,99
1363,99
1364,99
1365,99
1366,99
1367,99
1368,99
1369,1
1370,99
1371,1
1372,99
1373,99
1374,99
1375,99
1376,99
1377,9
1378,99
1379,99
1380,99
1381,99
1382,99
1383,5
1384,99
1385,5
1386,99
1387,99
1388,3
1389,99
1390,99
1391,99
1392,99
1393,99
1394,99
1395,99
1396,99
1397,99
1398,99
1399,99
1400,99
1401,99
1402,99
1403,5
1404,99
1405,3
1406,99
1407,99
1408,9
1409,99
1410,99
1411,99
1412,7
1413,99
1414,99
1415,5
1416,99
1417,99
1418,13
1419,99
1420,5
1421,99
1422,5
1423,99
1424,99
1425,99
1426,99
1427,99
1428,99
1429,5
1430,99
1431,99
1432,99
1433,13
1434,99
1435,99
1436,3
1437,5
1438,99
1439,99
1440,99
1441,99
1442,99
1443,99
1444,99
1445,9
1446,99
1447,99
1448,99
1449,99
1450,5
1451,5
1452,99
1453,1
1454,99
1455,99
1456,99
1457,99
1458,1
1459,99
1460,5
1461,5
1462,99
1463,99
1464,99
1465,99
1466,99
1467,7
1468,99
1469,99
1470,99
1471,99
1472,99
1473,1
1474,99
1475,99
1476,5
1477,99
1478,99
1479,99
1480,99
1481,99
1482,99
1483,99
1484,99
1485,5
1486,99
1487,99
1488,1
1489,99
1490,5
1491,99
1492,99
1493,99
1494,99
1495,5
1496,99
1497,99
1498,99
1499,99
1500,99
1501,99
1502,99
1503,5
1504,99
1505,1
1506,5
1507,5
1508,99
1509,5
1510,99
1511,99
1512,5
1513,13
1514,99
1515,99
1516,99
1517,5
1518,99
1519,5
1520,99
1521,99
1522,99
1523,99
1524,99
1525,99
1526,5
1527,99
1528,99
1529,5
1530,99
1531,99
1532,99
1533,99
1534,99
1535,5
1536,14
1537,5
1538,99
1539,99
1540,99
1541,99
1542,5
1543,99
1544,99
1545,99
1546,99
1547,99
1548,5
1549,99
1550,99
1551,3
1552,5
1553,99
1554,99
1555,99
1556,5
1557,99
1558,99
1559,99
1560,6
1561,99
1562,99
1563,13
1564,99
1565,99
1566,99
1567,5
1568,99
1569,14
1570,99
1571,99
1572,5
1573,5
1574,99
1575,99
1576,1
1577,99
1578,99
1579,1
1580,5
1581,99
1582,99
1583,99
1584,5
1585,99
1586,99
1587,5
1588,99
1589,5
1590,5
1591,99
1592,5
1593,5
1594,5
1595,13
1596,99
1597,99
1598,99
1599,99
1600,99
1601,99
1602,13
1603,9
1604,13
1605,99
1606,99
1607,99
1608,99
1609,5
1610,99
1611,99
1612,99
1613,99
1614,99
1615,99
1616,99
1617,5
1618,99
1619,99
1620,99
1621,99
1622,99
1623,3
1624,99
1625,5
1626,99
1627,16
1628,99
1629,99
1630,99
1631,99
1632,99
1633,99
1634,99
1635,99
1636,99
1637,5
1638,99
1639,3
1640,99
1641,1
1642,5
1643,99
1644,1
1645,99
1646,99
1647,99
1648,99
1649,99
1650,99
1651,5
1652,1
1653,99
1654,99
1655,99
1656,5
1657,99
1658,99
1659,1
1660,99
1661,5
1662,99
1663,99
1664,99
1665,99
1666,5
1667,99
1668,99
1669,99
1670,99
1671,1
1672,99
1673,99
1674,99
1675,99
1676,99
1677,99
1678,99
1679,99
1680,1
1681,5
1682,3
1683,99
1684,99
1685,1
1686,99
1687,99
1688,99
1689,99
1690,99
1691,99
1692,99
1693,99
1694,99
1695,99
1696,99
1697,99
1698,99
1699,99
1700,99
1701,99
1702,99
1703,99
1704,99
1705,99
1706,99
1707,99
1708,5
1709,3
1710,99
1711,99
1712,99
1713,1
1714,99
1715,99
1716,1
1717,99
1718,99
1719,99
1720,99
1721,99
1722,99
1723,99
1724,99
1725,99
1726,99
1727,99
1728,5
1729,99
1730,99
1731,5
1732,99
1733,99
1734,99
1735,99
1736,3
1737,99
1738,5
1739,6
1740,99
1741,99
1742,99
1743,5
1744,99
1745,99
1746,99
1747,99
1748,99
1749,99
1750,5
1751,99
1752,99
1753,99
1754,5
1755,99
1756,3
1757,99
1758,99
1759,99
1760,3
1761,99
1762,99
1763,99
1764,99
1765,99
1766,99
1767,99
1768,99
1769,99
1770,99
1771,99
1772,99
1773,99
1774,99
1775,6
1776,99
1777,99
1778,14
1779,99
1780,99
1781,99
1782,99
1783,5
1784,99
1785,1
1786,3
1787,99
1788,3
1789,99
1790,99
1791,99
1792,99
1793,9
1794,99
1795,3
1796,99
1797,99
1798,6
1799,99
1800,99
1801,99
1802,14
1803,99
1804,99
1805,99
1806,99
1807,99
1808,99
1809,99
1810,5
1811,3
1812,99
1813,99
1814,99
1815,99
1816,5
1817,99
1818,7
1819,99
1820,99
1821,99
1822,99
1823,99
1824,99
1825,99
1826,99
1827,99
1828,99
1829,5
1830,99
1831,99
1832,5
1833,99
1834,99
1835,5
1836,99
1837,99
1838,99
1839,99
1840,99
1841,99
1842,99
1843,99
1844,99
1845,99
1846,99
1847,14
1848,99
1849,99
1850,99
1851,99
1852,99
1853,99
1854,99
1855,5
1856,99
1857,1
1858,99
1859,99
1860,99
1861,99
1862,99
1863,99
1864,5
1865,99
1866,3
1867,99
1868,5
1869,99
1870,99
1871,5
1872,99
1873,99
1874,0
1875,5
1876,99
1877,99
1878,99
1879,5
1880,99
1881,99
1882,99
1883,1
1884,99
1885,14
1886,5
1887,99
1888,99
1889,99
1890,99
1891,99
1892,99
1893,99
1894,99
1895,99
1896,5
1897,5
1898,99
1899,3
1900,13
1901,99
1902,99
1903,5
1904,99
1905,99
1906,99
1907,99
1908,99
1909,13
1910,99
1911,14
1912,99
1913,99
1914,99
1915,99
1916,99
1917,99
1918,5
1919,99
1920,99
1921,99
1922,3
1923,99
1924,99
1925,99
1926,99
1927,99
1928,99
1929,99
1930,13
1931,99
1932,99
1933,99
1934,99
1935,99
1936,99
1937,99
1938,13
1939,99
1940,6
1941,99
1942,3
1943,5
1944,99
1945,99
1946,5
1947,99
1948,5
1949,99
1950,99
1951,99
1952,99
1953,3
1954,99
1955,99
1956,99
1957,99
1958,5
1959,3
1960,99
1961,99
1962,99
1963,99
1964,99
1965,99
1966,5
1967,99
1968,99
1969,99
1970,99
1971,99
1972,99
1973,99
1974,99
1975,3
1976,5
1977,99
1978,5
1979,99
1980,99
1981,99
1982,14
1983,99
1984,99
1985,99
1986,99
1987,99
1988,99
1989,99
1990,1
1991,99
1992,99
1993,99
1994,99
1995,9
1996,99
1997,99
1998,99
1999,99
2000,99
2001,99
2002,99
2003,12
2004,99
2005,3
2006,99
2007,1
2008,99
2009,99
2010,99
2011,99
2012,5
2013,99
2014,99
2015,99
2016,5
2017,3
2018,99
2019,99
2020,99
2021,99
2022,99
2023,99
2024,1
2025,99
2026,99
2027,99
2028,5
2029,99
2030,99
2031,99
2032,99
2033,99
2034,14
2035,5
2036,99
2037,99
2038,99
2039,99
2040,99
2041,99
2042,99
2043,99
2044,5
2045,99
2046,99
2047,99
2048,99
2049,5
2050,99
2051,99
2052,99
2053,99
2054,99
2055,99
2056,1
2057,3
2058,99
2059,99
2060,5
2061,5
2062,99
2063,99
2064,8
2065,99
2066,99
2067,99
2068,99
2069,99
2070,99
2071,99
2072,99
2073,99
2074,99
2075,99
2076,99
2077,99
2078,99
2079,99
2080,99
2081,12
2082,3
2083,99
2084,8
2085,99
2086,99
2087,99
2088,99
2089,7
2090,99
2091,99
2092,5
2093,99
2094,99
2095,5
2096,99
2097,99
2098,99
2099,99
2100,3
2101,99
2102,99
2103,99
2104,99
2105,99
2106,99
2107,5
2108,99
2109,99
2110,99
2111,5
2112,7
2113,99
2114,99
2115,99
2116,5
2117,99
2118,99
2119,8
2120,99
2121,99
2122,99
2123,99
2124,99
2125,99
2126,99
2127,99
2128,99
2129,99
2130,99
2131,99
2132,99
2133,99
2134,99
2135,99
2136,3
2137,99
2138,99
2139,99
2140,3
2141,99
2142,99
2143,99
2144,99
2145,99
2146,99
2147,99
2148,5
2149,3
2150,99
2151,99
2152,99
2153,99
2154,99
2155,99
2156,99
2157,99
2158,0
2159,99
2160,3
2161,99
2162,99
2163,0
2164,99
2165,99
2166,3
2167,99
2168,99
2169,5
2170,99
2171,99
2172,99
2173,99
2174,1
2175,99
2176,9
2177,99
2178,5
2179,99
2180,99
2181,99
2182,99
2183,99
2184,99
2185,99
2186,9
2187,7
2188,13
2189,99
2190,9
2191,99
2192,99
2193,5
2194,5
2195,99
2196,99
2197,99
2198,3
2199,99
2200,99
2201,99
2202,99
2203,99
2204,99
2205,99
2206,14
2207,99
2208,11
2209,99
2210,99
2211,12
2212,99
2213,99
2214,99
2215,99
2216,5
2217,99
2218,99
2219,99
2220,99
2221,3
2222,99
2223,11
2224,99
2225,99
2226,9
2227,3
2228,99
2229,99
2230,5
2231,99
2232,5
2233,99
2234,99
2235,99
2236,99
2237,3
2238,99
2239,5
2240,99
2241,99
2242,5
2243,5
2244,8
2245,99
2246,99
2247,99
2248,99
2249,99
2250,99
2251,99
2252,99
2253,99
2254,99
2255,99
2256,99
2257,99
2258,99
2259,99
2260,99
2261,99
2262,99
2263,3
2264,12
2265,99
2266,99
2267,99
2268,99
2269,99
2270,99
2271,99
2272,99
2273,99
2274,99
2275,99
2276,9
2277,99
2278,99
2279,8
2280,99
2281,99
2282,99
2283,99
2284,99
2285,14
2286,99
2287,99
2288,99
2289,99
2290,99
2291,99
2292,99
2293,14
2294,99
2295,9
2296,99
2297,99
2298,99
2299,99
2300,99
2301,99
2302,5
2303,99
2304,99
2305,99
2306,9
2307,99
2308,99
2309,99
2310,99
2311,99
2312,99
2313,99
2314,99
2315,99
2316,99
2317,9
2318,99
2319,99
2320,99
2321,99
2322,99
2323,99
2324,99
2325,99
2326,1
2327,99
2328,99
2329,99
2330,14
2331,99
2332,99
2333,99
2334,99
2335,99
2336,13
2337,99
2338,99
2339,13
2340,5
2341,99
2342,4
2343,99
2344,99
2345,12
2346,14
2347,99
2348,99
2349,99
2350,99
2351,99
2352,99
2353,99
2354,99
2355,99
2356,99
2357,99
2358,99
2359,99
2360,13
2361,9
2362,5
2363,99
2364,5
2365,9
2366,99
2367,99
2368,99
2369,3
2370,5
2371,99
2372,99
2373,99
2374,99
2375,99
2376,99
2377,12
2378,3
2379,99
2380,99
2381,99
2382,99
2383,99
2384,99
2385,13
2386,99
2387,99
2388,5
2389,99
2390,6
2391,14
2392,5
2393,99
2394,5
2395,99
2396,99
2397,99
2398,99
2399,12
2400,99
2401,99
2402,99
2403,99
2404,3
2405,99
2406,1
2407,99
2408,99
2409,99
2410,16
2411,99
2412,9
2413,99
2414,99
2415,99
2416,5
2417,99
2418,99
2419,99
2420,99
2421,99
2422,99
2423,99
2424,99
2425,99
2426,99
2427,1
2428,99
2429,99
2430,99
2431,99
2432,99
2433,5
2434,3
2435,99
2436,99
2437,99
2438,99
2439,3
2440,4
2441,99
2442,99
2443,5
2444,9
2445,3
2446,99
2447,99
2448,5
2449,99
2450,99
2451,99
2452,99
2453,6
2454,99
2455,99
2456,99
2457,99
2458,99
2459,99
2460,99
2461,3
2462,99
2463,99
2464,3
2465,99
2466,99
2467,99
2468,99
2469,99
2470,99
2471,3
2472,99
2473,99
2474,99
2475,99
2476,3
2477,99
2478,3
2479,99
2480,8
2481,99
2482,99
2483,1
2484,99
2485,5
2486,99
2487,3
2488,5
2489,5
2490,99
2491,7
2492,3
2493,99
2494,1
2495,99
2496,99
2497,99
2498,99
2499,99
2500,8
2501,3
2502,99
2503,99
2504,3
2505,99
2506,99
2507,99
2508,99
2509,3
2510,99
2511,99
2512,99
2513,99
2514,1
2515,3
2516,99
2517,99
2518,99
2519,5
2520,99
2521,99
2522,99
2523,13
2524,99
2525,99
2526,99
2527,3
2528,99
2529,3
2530,8
2531,99
2532,13
2533,5
2534,12
2535,99
2536,99
2537,99
2538,99
2539,99
2540,99
2541,99
2542,99
2543,5
2544,99
2545,99
2546,99
2547,99
2548,99
2549,99
2550,5
2551,99
2552,99
2553,99
2554,99
2555,99
2556,99
2557,99
2558,99
2559,99
2560,99
2561,99
2562,99
2563,99
2564,8
2565,5
2566,99
2567,99
2568,99
2569,5
2570,99
2571,99
2572,5
2573,1
2574,99
2575,99
2576,99
2577,3
2578,99
2579,99
2580,14
2581,99
2582,99
2583,99
2584,99
2585,99
2586,99
2587,6
2588,5
2589,99
2590,99
2591,99
2592,99
2593,99
2594,99
2595,99
2596,99
2597,5
2598,99
2599,3
2600,99
2601,99
2602,5
2603,99
2604,5
2605,5
2606,99
2607,99
2608,99
2609,99
2610,99
2611,99
2612,14
2613,99
2614,99
2615,99
2616,99
2617,5
2618,99
2619,99
2620,99
2621,99
2622,5
2623,3
2624,99
2625,99
2626,5
2627,5
2628,99
2629,5
2630,99
2631,99
2632,99
2633,99
2634,99
2635,99
2636,99
2637,3
2638,99
2639,99
2640,99
2641,99
2642,99
2643,5
2644,99
2645,99
2646,5
2647,99
2648,99
2649,99
2650,99
2651,99
2652,99
2653,99
2654,5
2655,99
2656,99
2657,99
2658,99
2659,99
2660,99
2661,99
2662,99
2663,99
2664,5
2665,16
2666,99
2667,99
2668,99
2669,5
2670,16
2671,99
2672,99
2673,99
2674,5
2675,99
2676,99
2677,99
2678,99
2679,99
2680,99
2681,99
2682,99
2683,16
2684,5
2685,99
2686,99
2687,9
2688,99
2689,99
2690,99
2691,5
2692,99
2693,99
2694,99
2695,99
2696,99
2697,99
2698,99
2699,5
2700,99
2701,3
2702,99
2703,5
2704,99
2705,5
2706,99
2707,99
2708,99
2709,5
2710,99
2711,99
2712,5
2713,99
2714,99
2715,3
2716,99
2717,3
2718,99
2719,99
2720,13
2721,99
2722,99
2723,99
2724,99
2725,99
2726,5
2727,5
2728,5
2729,99
2730,99
2731,99
2732,99
2733,99
2734,99
2735,1
2736,99
2737,99
2738,99
2739,99
2740,99
2741,99
2742,3
2743,99
2744,99
2745,5
2746,99
2747,99
2748,99
2749,99
2750,99
2751,99
2752,99
2753,99
2754,99
2755,99
2756,5
2757,99
2758,99
2759,99
2760,99
2761,99
2762,1
2763,5
2764,16
2765,9
2766,99
2767,99
2768,99
2769,5
2770,99
2771,99
2772,99
2773,16
2774,99
2775,99
2776,99
2777,99
2778,99
2779,99
2780,99
2781,99
2782,99
2783,99
2784,99
2785,99
2786,13
2787,99
2788,3
2789,99
2790,99
2791,99
2792,99
2793,99
2794,5
2795,99
2796,99
2797,6
2798,99
2799,5
2800,5
2801,99
2802,99
2803,99
2804,99
2805,99
2806,99
2807,99
2808,99
2809,99
2810,99
2811,99
2812,99
2813,99
2814,5
2815,99
2816,99
2817,99
2818,99
2819,99
2820,5
2821,99
2822,99
2823,99
2824,99
2825,99
2826,99
2827,5
2828,99
2829,99
2830,99
2831,5
2832,0
2833,99
2834,99
2835,99
2836,3
2837,99
2838,99
2839,99
2840,99
2841,99
2842,99
2843,99
2844,99
2845,99
2846,99
2847,99
2848,99
2849,1
2850,99
2851,99
2852,99
2853,99
2854,99
2855,99
2856,99
2857,99
2858,3
2859,99
2860,99
2861,99
2862,99
2863,3
2864,99
2865,99
2866,99
2867,5
2868,99
2869,3
2870,99
2871,99
2872,1
2873,99
2874,99
2875,99
2876,99
2877,5
2878,99
2879,6
2880,3
2881,99
2882,99
2883,99
2884,5
2885,99
2886,99
2887,99
2888,5
2889,99
2890,99
2891,99
2892,5
2893,12
2894,9
2895,99
2896,99
2897,99
2898,99
2899,99
2900,99
2901,99
2902,99
2903,99
2904,99
2905,5
2906,99
2907,5
2908,99
2909,99
2910,99
2911,99
2912,99
2913,99
2914,5
2915,5
2916,99
2917,99
2918,99
2919,5
2920,99
2921,99
2922,99
2923,99
2924,5
2925,5
2926,99
2927,99
2928,5
2929,5
2930,99
2931,99
2932,99
2933,5
2934,5
2935,99
2936,99
2937,99
2938,99
2939,99
2940,99
2941,99
2942,99
2943,99
2944,99
2945,1
2946,99
2947,1
2948,99
2949,5
2950,99
2951,99
2952,99
2953,1
2954,99
2955,99
2956,99
2957,99
2958,5
2959,99
2960,5
2961,5
2962,99
2963,5
2964,99
2965,99
2966,1
2967,99
2968,99
2969,99
2970,5
2971,9
2972,99
2973,99
2974,99
2975,99
2976,99
2977,1
2978,99
2979,99
2980,99
2981,99
2982,99
2983,99
2984,5
2985,99
2986,99
2987,99
2988,99
2989,7
2990,99
2991,5
2992,99
2993,1
2994,5
2995,99
2996,5
2997,99
2998,99
2999,5
3000,99
3001,99
3002,99
3003,99
3004,99
3005,99
3006,99
3007,99
3008,12
3009,99
3010,99
3011,1
3012,99
3013,6
3014,99
3015,99
3016,99
3017,99
3018,99
3019,99
3020,99
3021,5
3022,99
3023,99
3024,99
3025,99
3026,99
3027,99
3028,99
3029,99
3030,5
3031,99
3032,5
3033,99
3034,99
3035,5
3036,99
3037,99
3038,99
3039,99
3040,1
3041,99
3042,99
3043,99
3044,5
3045,5
3046,99
3047,99
3048,99
3049,99
3050,99
3051,99
3052,5
3053,99
3054,99
3055,99
3056,99
3057,99
3058,3
3059,5
3060,5
3061,13
3062,99
3063,99
3064,99
3065,99
3066,8
3067,99
3068,5
3069,99
3070,99
3071,99
3072,99
3073,99
3074,1
3075,99
3076,99
3077,99
3078,3
3079,99
3080,99
3081,99
3082,5
3083,99
3084,99
3085,1
3086,5
3087,99
3088,99
3089,99
3090,99
3091,99
3092,99
3093,99
3094,3
3095,99
3096,99
3097,5
3098,99
3099,5
3100,99
3101,99
3102,99
3103,99
3104,1
3105,99
3106,99
3107,99
3108,1
3109,99
3110,99
3111,99
3112,5
3113,99
3114,5
3115,99
3116,99
3117,5
3118,5
3119,99
3120,99
3121,99
3122,99
3123,99
3124,3
3125,99
3126,1
3127,5
3128,99
3129,3
3130,99
3131,5
3132,1
3133,99
3134,99
3135,99
3136,5
3137,99
3138,9
3139,5
3140,99
3141,99
3142,99
3143,5
3144,99
3145,99
3146,99
3147,5
3148,5
3149,99
3150,5
3151,99
3152,5
3153,5
3154,99
3155,99
3156,99
3157,5
3158,99
3159,99
3160,99
3161,5
3162,5
3163,16
3164,12
3165,99
3166,99
3167,99
3168,99
3169,5
3170,99
3171,5
3172,99
3173,5
3174,1
3175,99
3176,5
3177,3
3178,99
3179,5
3180,7
3181,99
3182,99
3183,99
3184,9
3185,99
3186,99
3187,99
3188,6
3189,99
3190,99
3191,5
3192,99
3193,5
3194,5
3195,99
3196,99
3197,99
3198,99
3199,99
3200,1
3201,99
3202,99
3203,99
3204,99
3205,99
3206,99
3207,99
3208,99
3209,5
3210,99
3211,5
3212,5
3213,99
3214,99
3215,99
3216,99
3217,99
3218,9
3219,5
3220,99
3221,9
3222,99
3223,99
3224,99
3225,99
3226,5
3227,9
3228,5
3229,16
3230,5
3231,5
3232,99
3233,99
3234,99
3235,5
3236,14
3237,9
3238,99
3239,5
3240,99
3241,99
3242,99
3243,99
3244,99
3245,99
3246,99
3247,5
3248,99
3249,6
3250,5
3251,99
3252,99
3253,3
3254,14
3255,99
3256,9
3257,99
3258,9
3259,99
3260,5
3261,5
3262,9
3263,99
3264,99
3265,7
3266,13
3267,99
3268,5
3269,99
3270,99
3271,1
3272,5
3273,6
3274,99
3275,99
3276,99
3277,99
3278,99
3279,99
3280,99
3281,5
3282,5
3283,5
3284,99
3285,5
3286,5
3287,99
3288,99
3289,99
3290,99
3291,99
3292,99
3293,99
3294,1
3295,99
3296,99
3297,99
3298,99
3299,99
3300,99
3301,99
3302,5
3303,99
3304,99
3305,99
3306,5
3307,99
3308,5
3309,99
3310,99
3311,5
3312,99
3313,99
3314,99
3315,13
3316,99
3317,99
3318,99
3319,99
3320,99
3321,5
3322,99
3323,99
3324,99
3325,5
3326,5
3327,99
3328,99
3329,99
3330,99
3331,99
3332,99
3333,99
3334,99
3335,99
3336,99
3337,99
3338,99
3339,5
3340,99
3341,14
3342,99
3343,99
3344,99
3345,99
3346,5
3347,99
3348,99
3349,5
3350,99
3351,5
3352,99
3353,99
3354,5
3355,5
3356,99
3357,99
3358,99
3359,1
3360,99
3361,99
3362,99
3363,1
3364,99
3365,99
3366,99
3367,99
3368,99
3369,99
3370,5
3371,99
3372,99
3373,3
3374,3
3375,5
3376,99
3377,99
3378,99
3379,5
3380,5
3381,99
3382,99
3383,5
3384,9
3385,99
3386,99
3387,99
3388,99
3389,99
3390,99
3391,5
3392,99
3393,99
3394,8
3395,99
3396,99
3397,99
3398,99
3399,99
3400,99
3401,99
3402,99
3403,99
3404,99
3405,99
3406,99
3407,99
3408,99
3409,99
3410,99
3411,99
3412,99
3413,99
3414,3
3415,3
3416,5
3417,99
3418,99
3419,99
3420,99
3421,13
3422,99
3423,99
3424,5
3425,99
3426,99
3427,1
3428,1
3429,99
3430,99
3431,99
3432,99
3433,99
3434,99
3435,99
3436,5
3437,99
3438,99
3439,99
3440,1
3441,99
3442,99
3443,99
3444,99
3445,99
3446,99
3447,99
3448,99
3449,99
3450,99
3451,99
3452,99
3453,3
3454,99
3455,5
3456,99
3457,99
3458,99
3459,5
3460,9
3461,99
3462,99
3463,99
3464,99
3465,99
3466,5
3467,99
3468,7
3469,99
3470,99
3471,14
3472,1
3473,99
3474,99
3475,5
3476,5
3477,99
3478,99
3479,99
3480,5
3481,99
3482,99
3483,99
3484,99
3485,99
3486,1
3487,99
3488,0
3489,99
3490,7
3491,99
3492,5
3493,5
3494,99
3495,5
3496,99
3497,5
3498,5
3499,5
3500,99
3501,6
3502,5
3503,99
3504,99
3505,5
3506,99
3507,99
3508,99
3509,99
3510,99
3511,99
3512,99
3513,5
3514,5
3515,5
3516,99
3517,99
3518,99
3519,99
3520,99
3521,99
3522,99
3523,13
3524,99
3525,99
3526,99
3527,5
3528,99
3529,1
3530,5
3531,99
3532,1
3533,5
3534,99
3535,99
3536,9
3537,99
3538,99
3539,99
3540,99
3541,5
3542,5
3543,99
3544,99
3545,99
3546,99
3547,5
3548,99
3549,99
3550,99
3551,99
3552,99
3553,1
3554,99
3555,99
3556,5
3557,5
3558,99
3559,99
3560,5
3561,99
3562,99
3563,99
3564,5
3565,99
3566,1
3567,99
3568,99
3569,5
3570,99
3571,9
3572,9
3573,99
3574,6
3575,1
3576,99
3577,1
3578,5
3579,5
3580,5
3581,99
3582,99
3583,99
3584,5
3585,99
3586,99
3587,99
3588,99
3589,13
3590,99
3591,99
3592,99
3593,5
3594,99
3595,99
3596,99
3597,99
3598,99
3599,5
3600,14
3601,1
3602,99
3603,99
3604,99
3605,99
3606,99
3607,99
3608,99
3609,99
3610,99
3611,99
3612,6
3613,5
3614,9
3615,8
3616,99
3617,99
3618,99
3619,99
3620,99
3621,1
3622,99
3623,99
3624,99
3625,99
3626,99
3627,99
3628,99
3629,99
3630,9
3631,5
3632,99
3633,3
3634,99
3635,99
3636,5
3637,1
3638,16
3639,99
3640,5
3641,99
3642,99
3643,99
3644,99
3645,5
3646,5
3647,5
3648,3
3649,99
3650,99
3651,99
3652,99
3653,1
3654,99
3655,6
3656,99
3657,99
3658,5
3659,99
3660,99
3661,99
3662,99
3663,99
3664,99
3665,99
3666,1
3667,99
3668,9
3669,3
3670,99
3671,99
3672,0
3673,99
3674,5
3675,99
3676,5
3677,99
3678,5
3679,99
3680,99
3681,5
3682,99
3683,4
3684,99
3685,99
3686,1
3687,5
3688,99
3689,5
3690,99
3691,5
3692,99
3693,5
3694,3
3695,99
3696,99
3697,99
3698,99
3699,99
3700,99
3701,99
3702,99
3703,99
3704,99
3705,1
3706,99
3707,99
3708,99
3709,3
3710,1
3711,99
3712,99
3713,5
3714,99
3715,99
3716,99
3717,99
3718,99
3719,5
3720,99
3721,99
3722,99
3723,99
3724,99
3725,99
3726,99
3727,99
3728,99
3729,1
3730,4
3731,99
3732,13
3733,99
3734,99
3735,9
3736,1
3737,99
3738,5
3739,99
3740,99
3741,99
3742,99
3743,99
3744,5
3745,99
3746,3
3747,99
3748,99
3749,99
3750,99
3751,1
3752,5
3753,99
3754,99
3755,99
3756,99
3757,99
3758,5
3759,3
3760,5
3761,5
3762,5
3763,5
3764,99
3765,99
3766,99
3767,5
3768,99
3769,99
3770,99
3771,99
3772,99
3773,99
3774,99
3775,5
3776,5
3777,99
3778,99
3779,5
3780,99
3781,99
3782,5
3783,6
3784,99
3785,99
3786,99
3787,99
3788,12
3789,99
3790,99
3791,99
3792,99
3793,99
3794,1
3795,99
3796,99
3797,99
3798,99
3799,99
3800,99
3801,6
3802,5
3803,5
3804,1
3805,3
3806,99
3807,16
3808,99
3809,99
3810,9
3811,5
3812,1
3813,99
3814,99
3815,99
3816,99
3817,99
3818,99
3819,99
3820,99
3821,3
3822,5
3823,5
3824,99
3825,99
3826,99
3827,99
3828,9
3829,99
3830,5
3831,99
3832,12
3833,99
3834,99
3835,99
3836,99
3837,99
3838,5
3839,3
3840,5
3841,3
3842,3
3843,99
3844,1
3845,99
3846,99
3847,99
3848,99
3849,99
3850,99
3851,5
3852,3
3853,99
3854,99
3855,9
3856,99
3857,99
3858,99
3859,5
3860,3
3861,99
3862,99
3863,99
3864,16
3865,99
3866,99
3867,99
3868,99
3869,99
3870,99
3871,99
3872,1
3873,99
3874,5
3875,3
3876,5
3877,99
3878,99
3879,3
3880,1
3881,99
3882,99
3883,99
3884,99
3885,99
3886,99
3887,5
3888,99
3889,5
3890,99
3891,99
3892,99
3893,99
3894,99
3895,3
3896,99
3897,99
3898,99
3899,1
3900,16
3901,99
3902,99
3903,99
3904,99
3905,9
3906,99
3907,99
3908,3
3909,3
3910,9
3911,99
3912,99
3913,99
3914,99
3915,99
3916,99
3917,99
3918,99
3919,99
3920,99
3921,99
3922,99
3923,99
3924,99
3925,3
3926,99
3927,99
3928,5
3929,7
3930,99
3931,99
3932,7
3933,99
3934,7
3935,5
3936,3
3937,99
3938,99
3939,99
3940,5
3941,99
3942,99
3943,99
3944,99
3945,99
3946,99
3947,9
3948,99
3949,99
3950,99
3951,99
3952,99
3953,5
3954,99
3955,99
3956,99
3957,5
3958,99
3959,99
3960,16
3961,99
3962,3
3963,3
3964,99
3965,4
3966,99
3967,7
3968,99
3969,99
3970,7
3971,99
3972,99
3973,99
3974,99
3975,99
3976,99
3977,6
3978,99
3979,99
3980,1
3981,99
3982,99
3983,99
3984,99
3985,5
3986,99
3987,99
3988,7
3989,99
3990,99
3991,99
3992,99
3993,99
3994,1
3995,99
3996,99
3997,99
3998,99
3999,99
4000,4
4001,1
4002,4
4003,99
4004,99
4005,7
4006,3
4007,99
4008,9
4009,99
4010,99
4011,99
4012,99
4013,5
4014,99
4015,6
4016,5
4017,99
4018,99
4019,99
4020,99
4021,3
4022,3
4023,3
4024,99
4025,99
4026,7
4027,99
4028,99
4029,99
4030,5
4031,5
4032,99
4033,99
4034,99
4035,99
4036,1
4037,99
4038,9
4039,1
4040,99
4041,99
4042,3
4043,99
4044,9
4045,99
4046,3
4047,99
4048,99
4049,99
4050,1
4051,5
4052,99
4053,99
4054,5
4055,99
4056,99
4057,99
4058,99
4059,99
4060,99
4061,99
4062,3
4063,5
4064,99
4065,99
4066,3
4067,99
4068,99
4069,99
4070,99
4071,99
4072,99
4073,99
4074,5
4075,1
4076,99
4077,99
4078,5
4079,9
4080,99
4081,99
4082,99
4083,99
4084,5
4085,99
4086,99
4087,99
4088,5
4089,99
4090,99
4091,99
4092,99
4093,99
4094,99
4095,99
4096,99
4097,99
4098,99
4099,99
4100,3
4101,99
4102,99
4103,99
4104,99
4105,5
4106,99
4107,99
4108,99
4109,99
4110,99
4111,99
4112,99
4113,99
4114,99
4115,99
4116,3
4117,99
4118,99
4119,99
4120,99
4121,99
4122,99
4123,99
4124,99
4125,1
4126,99
4127,99
4128,99
4129,99
4130,10
4131,10
4132,10
4133,10
4134,10
4135,10
4136,10
4137,10
4138,10
4139,10
4140,10
4141,10
4142,10
4143,10
4144,10
4145,10
4146,10
4147,10
4148,10
4149,10
4150,10
4151,10
4152,10
4153,10
4154,10
4155,10
4156,10
4157,10
4158,10
4159,10
4160,10
4161,99
4162,10
4163,10
4164,10
4165,10
4166,99
4167,10
4168,10
4169,10
4170,10
4171,10
4172,10
4173,10
4174,10
4175,10
4176,10
4177,10
4178,10
4179,10
4180,10
4181,10
4182,10
4183,10
4184,10
4185,10
4186,10
4187,10
4188,10
4189,10
4190,10
4191,10
4192,10
4193,10
4194,10
4195,10
4196,10
4197,10
4198,10
4199,10
4200,10
4201,10
4202,10
4203,10
4204,10
4205,10
4206,10
4207,10
4208,10
4209,10
4210,10
4211,10
4212,10
4213,10
4214,10
4215,10
4216,10
4217,10
4218,10
4219,10
4220,10
4221,10
4222,10
4223,10
4224,10
4225,10
4226,10
4227,10
4228,10
4229,10
4230,10
4231,10
4232,10
4233,10
4234,10
4235,10
4236,10
4237,10
4238,99
4239,10
4240,10
4241,10
4242,10
4243,10
4244,10
4245,10
4246,10
4247,10
4248,10
4249,10
4250,10
4251,10
4252,10
