362
2 1 100
0 18 1 1
1 1 1 0
1 3 102
21 0 1 0
3 5 103
22 1 2 1 2
23 19 2 0 2
24 19 2 0 1
2 5 104
25 22 1 1
26 1 1 0
2 5 105
27 18 1 1
28 18 1 0
3 3 110
37 9 2 1 2
38 1 2 0 2
39 0 2 0 1
11 1 112
40 22 4 2 3 6 9 
41 1 6 4 5 6 7 8 10 
42 19 4 0 3 4 6 
43 22 4 0 2 4 9 
44 22 7 1 2 3 5 6 9 10 
45 12 3 1 4 10 
46 22 5 0 1 2 4 7 
47 12 3 1 6 8 
48 13 3 1 7 10 
49 19 4 0 3 4 10 
50 22 5 1 4 5 8 9 
5 5 113
51 22 3 1 3 4 
52 19 3 0 3 4 
53 22 2 3 4 
54 22 4 0 1 2 4 
55 22 4 0 1 2 3 
1 5 114
56 18 1 0
9 5 120
64 1 5 1 2 3 5 7 
65 1 5 0 3 4 5 8 
66 1 5 0 3 4 6 7 
67 22 4 0 1 2 4 
68 22 5 1 2 3 6 8 
69 22 3 0 1 7 
70 1 3 2 4 8 
71 1 3 0 2 5 
72 19 3 1 4 6 
1 1 127
73 13 1 0
1 9 128
74 7 1 0
1 1 129
75 13 1 0
2 3 130
76 22 1 1
77 19 1 0
5 5 131
78 22 4 1 2 3 4 
79 14 3 0 3 4 
80 22 2 0 3 
81 14 3 0 1 2 
82 22 2 0 1 
7 5 138
90 22 3 2 3 6 
91 22 3 2 5 6 
92 22 6 0 1 3 4 5 6 
93 22 3 0 2 4 
94 22 3 2 3 5 
95 22 4 1 2 4 6 
96 22 4 0 1 2 5 
97 9 143
97 18 6 2 3 4 55 64 94 
98 12 9 28 29 30 31 32 33 36 74 75 
99 18 6 0 3 25 26 32 94 
100 19 6 0 2 4 32 40 90 
101 1 4 0 3 55 90 
102 12 4 6 32 35 36 
103 1 7 5 35 36 40 66 76 90 
104 22 3 29 34 63 
105 22 7 16 20 21 23 24 29 63 
106 9 4 12 14 27 62 
107 1 4 12 13 19 27 
108 4 6 15 18 26 37 92 94 
109 13 5 9 10 19 27 29 
110 22 5 10 14 17 19 27 
111 19 7 9 13 17 27 37 62 92 
112 19 5 11 17 18 22 37 
113 5 4 8 19 21 23 
114 9 7 13 14 15 19 21 22 37 
115 22 6 11 15 20 22 24 26 
116 5 8 10 12 13 16 17 21 23 29 
117 1 5 8 18 21 22 24 
118 1 6 8 16 17 19 20 22 
119 1 5 15 17 18 20 21 
120 5 4 8 16 19 29 
121 22 6 8 18 20 25 26 63 
122 22 6 2 24 26 28 32 63 
123 18 6 2 11 18 24 25 94 
124 11 5 9 10 12 13 14 
125 1 5 1 25 31 32 63 
126 1 10 1 7 8 12 19 23 33 34 63 75 
127 1 4 1 31 33 63 
128 22 4 1 28 30 63 
129 22 9 1 2 3 5 25 28 35 36 40 
130 22 5 1 29 30 34 63 
131 4 4 7 29 33 63 
132 22 4 5 6 32 40 
133 12 6 1 5 6 32 74 76 
134 18 5 11 14 15 17 92 
135 4 7 41 43 52 71 78 79 82 
136 22 4 60 79 81 82 
137 18 5 3 6 32 35 90 
138 22 4 38 42 71 78 
139 19 6 41 43 51 58 71 78 
140 19 6 38 42 58 78 79 81 
141 22 6 45 46 47 59 72 80 
142 22 5 44 46 47 55 90 
143 22 5 44 45 54 55 72 
144 22 5 44 45 66 80 90 
145 0 8 49 50 56 58 60 69 75 83 
146 10 4 48 50 51 58 
147 2 5 48 49 51 56 87 
148 19 6 42 49 50 58 71 87 
149 18 5 38 53 54 71 82 
150 22 5 52 54 71 72 73 
151 0 8 46 52 53 55 64 67 72 82 
152 22 7 0 4 45 46 54 64 90 
153 1 5 48 50 69 87 88 
154 1 5 72 73 77 91 93 
155 22 7 42 43 48 49 51 60 81 
156 22 5 44 72 80 85 95 
157 22 6 39 48 58 62 81 82 
158 1 6 68 77 83 93 95 96 
159 7 6 9 14 60 67 82 92 
160 7 10 7 8 24 25 28 29 30 31 33 34 
161 7 6 0 54 55 67 92 94 
162 1 7 70 73 83 86 87 88 91 
163 7 6 6 47 75 76 80 90 
164 7 5 54 62 64 82 92 
165 0 6 61 84 85 89 93 95 
166 1 6 48 56 70 83 86 88 
167 0 4 65 69 83 86 
168 22 8 38 41 42 51 52 53 73 87 
169 22 10 44 46 53 54 57 59 73 85 89 93 
170 22 7 53 57 65 71 72 87 91 
171 18 4 1 36 75 76 
172 22 9 1 29 48 66 74 76 80 83 95 
173 19 5 6 36 66 74 75 
174 22 5 57 61 91 93 96 
175 19 4 38 41 42 43 
176 22 5 38 39 43 81 82 
177 22 6 44 47 59 66 75 95 
178 22 5 39 43 58 60 79 
179 1 8 38 39 52 54 60 62 67 79 
180 1 9 48 61 65 69 70 75 91 95 96 
181 22 3 68 89 93 
182 1 5 59 68 72 89 95 
183 1 4 65 69 70 88 
184 22 7 50 51 56 65 71 73 88 
185 1 5 56 65 69 86 87 
186 1 5 68 72 84 85 93 
187 22 8 3 4 6 40 45 47 55 66 
188 0 6 57 65 73 77 83 96 
189 18 7 11 14 37 62 64 67 94 
190 0 7 57 61 68 72 77 84 89 
191 22 6 0 2 11 26 64 92 
192 1 7 59 61 68 75 80 83 85 
193 22 4 61 77 83 91 
3 9 146
200 22 2 1 2
201 22 2 0 2
202 22 2 0 1
1 12 149
203 9 1 0
1 5 150
204 22 1 0
2 1 153
210 13 1 1
211 13 1 0
1 5 159
212 22 1 0
1 10 160
213 1 1 0
26 10 161
214 4 4 7 14 15 20 
215 4 3 5 6 8 
216 1 0 
217 1 0 
218 1 6 7 10 13 15 17 25 
219 4 5 1 6 8 17 23 
220 19 7 1 5 8 14 17 24 25 
221 1 5 0 4 10 15 20 
222 4 5 1 5 6 14 23 
223 1 0 
224 4 6 4 7 11 20 24 25 
225 1 3 10 20 24 
226 4 0 
227 18 5 4 14 15 17 21 
228 1 7 0 6 8 13 15 20 24 
229 1 5 0 4 7 13 14 
230 1 0 
231 8 7 4 5 6 13 21 23 25 
232 12 3 19 22 23 
233 22 4 18 21 22 23 
234 9 6 0 7 10 11 14 24 
235 12 5 13 17 19 22 23 
236 22 3 18 19 21 
237 18 6 5 8 17 18 19 21 
238 9 6 6 10 11 14 20 25 
239 8 5 4 6 10 17 24 
25 0 164
240 19 5 1 13 14 22 24 
241 18 9 0 5 6 7 8 11 12 13 14 
242 15 5 16 19 20 21 22 
243 19 6 4 7 11 16 23 24 
244 19 6 3 7 8 9 17 23 
245 19 5 1 6 10 13 15 
246 19 5 1 5 8 9 10 
247 19 5 1 3 4 8 11 
248 19 5 1 4 6 7 9 
249 0 5 4 6 8 10 17 
250 18 6 5 6 9 15 17 18 
251 19 5 1 3 7 12 24 
252 19 4 1 11 14 24 
253 12 4 0 1 5 22 
254 1 4 0 1 12 24 
255 18 4 5 10 18 19 
256 1 6 2 3 21 22 23 24 
257 1 7 4 9 10 18 20 21 23 
258 1 5 10 15 17 19 20 
259 19 4 2 15 18 20 
260 1 5 2 17 18 19 21 
261 1 5 2 16 17 20 23 
262 19 5 0 2 13 16 24 
263 18 5 3 4 16 17 21 
264 19 7 0 3 11 12 14 16 22 
1 5 165
265 22 1 0
2 0 166
266 19 1 1
267 19 1 0
25 10 178
275 22 6 4 8 10 17 18 19 
276 22 5 3 5 6 10 11 
277 0 4 7 11 14 21 
278 0 4 1 6 20 24 
279 0 5 0 8 9 19 22 
280 0 5 1 6 11 23 24 
281 22 4 1 3 5 24 
282 0 7 2 10 11 14 16 17 20 
283 0 4 0 4 9 18 
284 0 6 4 8 12 15 18 22 
285 0 7 0 1 7 11 17 19 22 
286 0 9 1 2 5 7 10 14 21 23 24 
287 1 3 9 15 22 
288 1 5 15 16 17 18 20 
289 22 6 2 7 11 20 21 24 
290 22 4 9 12 13 18 
291 9 4 7 13 17 20 
292 1 6 0 7 10 13 16 18 
293 0 6 0 8 9 13 15 17 
294 1 4 0 4 10 22 
295 18 6 3 7 13 14 16 24 
296 22 3 2 11 14 
297 12 5 4 9 10 12 19 
298 1 3 5 11 24 
299 22 7 3 5 6 11 14 20 23 
1 3 182
301 19 1 0
3 5 189
302 22 2 1 2
303 9 2 0 2
304 22 2 0 1
20 5 191
305 0 4 3 4 9 19 
306 22 3 2 5 18 
307 4 5 1 5 6 9 17 
308 14 6 0 4 5 7 9 18 
309 19 5 0 3 7 13 19 
310 22 5 1 2 3 9 18 
311 1 4 2 10 12 17 
312 22 5 3 4 13 14 18 
313 1 5 11 13 14 16 19 
314 18 7 0 2 3 5 10 17 19 
315 22 6 6 9 12 16 17 19 
316 4 5 8 12 14 15 16 
317 18 5 6 10 11 15 16 
318 19 5 4 7 8 14 19 
319 1 5 7 8 11 13 15 
320 6 3 11 12 14 
321 1 5 8 10 11 12 19 
322 1 4 2 6 9 10 
323 1 4 1 3 5 7 
324 12 7 0 4 8 9 10 13 16 
2 3 192
325 22 1 1
326 19 1 0
2 5 194
327 22 1 1
328 14 1 0
3 5 195
329 22 2 1 2
330 22 2 0 2
331 22 2 0 1
7 3 199
332 22 4 1 3 4 6 
333 14 4 0 2 3 4 
334 19 2 1 3 
335 19 5 0 1 2 5 6 
336 19 2 0 1 
337 19 2 3 6 
338 19 3 0 3 5 
1 5 206
394 22 1 0
9 3 208
395 14 6 1 2 3 4 5 6 
396 22 4 0 2 4 8 
397 19 5 0 1 5 7 8 
398 13 4 0 5 6 7 
399 22 5 0 1 6 7 8 
400 22 3 0 2 3 
401 22 4 0 3 4 7 
402 22 5 2 3 4 6 8 
403 19 4 1 2 4 7 
9 3 210
404 18 4 1 3 5 8 
405 19 4 0 2 5 6 
406 9 5 1 4 6 7 8 
407 12 5 0 4 5 7 8 
408 1 5 2 3 5 6 7 
409 19 5 0 1 3 4 6 
410 19 4 1 2 4 5 
411 4 4 2 3 4 8 
412 13 4 0 2 3 7 
8 3 211
413 0 4 1 2 5 7 
414 0 5 0 2 3 4 6 
415 19 5 0 1 3 5 7 
416 22 4 1 2 4 7 
417 19 3 1 3 6 
418 19 3 0 2 7 
419 19 2 1 4 
420 19 4 0 2 3 5 
4 5 212
421 22 3 1 2 3
422 22 3 0 2 3
423 22 3 0 1 3
424 22 3 0 1 2
14 3 213
425 1 4 1 2 4 12 
426 22 4 0 2 6 12 
427 13 5 0 1 4 9 13 
428 1 6 4 5 6 7 12 13 
429 1 7 0 2 3 7 9 10 12 
430 1 3 3 6 13 
431 1 4 1 3 5 12 
432 1 5 3 4 9 10 13 
433 1 0 
434 1 5 2 4 7 10 13 
435 19 3 4 7 9 
436 1 0 
437 1 5 0 1 3 4 6 
438 1 5 2 3 5 7 9 
7 5 214
439 13 5 1 2 4 5 6 
440 22 4 0 2 3 5 
441 14 3 0 1 6 
442 22 3 1 4 5 
443 22 4 0 3 5 6 
444 1 4 0 1 3 4 
445 22 3 0 2 4 
3 5 215
446 22 2 1 2
447 22 2 0 2
448 19 2 0 1
3 1 216
449 19 2 1 2
450 12 2 0 2
451 13 2 0 1
7 3 217
452 22 3 1 4 5 
453 22 6 0 2 3 4 5 6 
454 19 3 1 4 6 
455 7 4 1 4 5 6 
456 19 5 0 1 2 3 6 
457 13 3 0 1 3 
458 7 4 1 2 3 4 
68 10 219
459 4 3 7 12 51 
460 5 8 2 7 10 26 28 35 60 67 
461 19 5 1 9 10 11 35 
462 22 6 6 11 31 35 42 62 
463 1 4 5 6 7 11 
464 0 5 4 7 9 10 11 
465 22 6 3 4 7 11 42 53 
466 22 8 0 1 4 5 6 10 12 26 
467 22 7 17 21 45 46 47 50 51 
468 1 4 2 5 10 11 
469 22 5 1 2 5 7 9 
470 12 7 2 3 4 5 6 9 35 
471 4 7 0 7 26 48 51 56 59 
472 8 4 28 30 35 37 
473 19 5 16 18 42 63 65 
474 22 6 19 22 25 48 49 59 
475 0 5 14 18 61 62 65 
476 22 6 8 20 21 45 48 49 
477 12 5 14 16 43 61 63 
478 22 7 15 20 22 23 24 45 49 
479 22 4 17 19 45 49 
480 13 5 8 17 48 50 56 
481 22 4 15 19 24 25 
482 22 6 19 24 27 45 46 58 
483 22 8 19 22 23 25 26 44 52 58 
484 19 5 15 22 24 52 59 
485 22 8 1 7 12 24 44 58 59 60 
486 22 5 23 32 33 46 58 
487 22 8 1 13 35 37 39 55 57 67 
488 22 5 32 33 38 40 64 
489 22 7 13 34 35 37 40 41 64 
490 22 5 3 34 35 41 47 
491 22 6 27 29 33 38 58 66 
492 22 6 27 29 32 40 46 47 
493 22 4 30 31 35 41 
494 22 9 1 2 3 11 13 28 30 31 34 
495 19 6 37 38 39 54 64 66 
496 19 6 13 28 30 36 39 64 
497 1 5 29 32 36 64 66 
498 19 5 28 36 37 54 55 
499 22 6 29 30 33 41 47 64 
500 22 5 30 31 34 40 47 
501 0 7 3 6 14 53 62 63 65 
502 1 4 18 53 61 63 
503 22 4 24 26 52 59 
504 7 6 8 17 19 20 23 46 
505 19 6 8 23 27 33 45 47 
506 9 7 8 31 33 40 41 46 51 
507 14 7 12 15 17 21 49 56 59 
508 7 5 15 17 19 20 48 
509 12 4 8 21 51 56 
510 12 6 0 8 12 47 50 56 
511 22 4 24 25 44 59 
512 17 4 6 42 43 63 
513 22 5 36 39 55 57 66 
514 0 4 28 39 54 57 
515 7 5 12 21 48 50 51 
516 22 5 28 54 55 66 67 
517 22 7 23 24 26 27 32 60 66 
518 18 7 12 15 25 26 44 48 52 
519 1 5 1 26 58 66 67 
520 1 3 16 18 43 
521 17 4 3 16 42 65 
522 17 5 14 18 42 43 53 
523 19 6 29 30 36 37 38 40 
524 17 4 14 16 42 62 
525 1 8 32 36 38 54 57 58 60 67 
526 22 5 1 28 57 60 66 
12 5 221
528 22 5 3 4 5 9 10 
529 22 4 2 3 8 11 
530 22 6 1 4 5 8 10 11 
531 22 5 0 1 4 9 11 
532 22 5 0 2 3 5 11 
533 22 4 0 2 4 10 
534 13 3 7 9 10 
535 22 3 6 8 10 
536 22 4 1 2 7 10 
537 9 4 0 3 6 10 
538 22 7 0 2 5 6 7 8 9 
539 22 4 1 2 3 4 
7 9 222
540 18 2 1 6 
541 22 4 0 3 4 6 
542 1 3 3 5 6 
543 1 4 1 2 4 6 
544 7 3 1 3 6 
545 12 2 2 6 
546 22 6 0 1 2 3 4 5 
9 5 223
547 22 3 1 5 6 
548 22 4 0 3 4 5 
549 22 3 5 6 8 
550 19 4 1 4 5 7 
551 22 3 1 3 7 
552 22 6 0 1 2 3 6 7 
553 13 4 0 2 5 8 
554 19 3 3 4 5 
555 22 2 2 6 
1 5 224
556 22 1 0
1 5 226
557 13 1 0
6 5 228
566 22 4 1 2 3 5 
567 13 3 0 2 4 
568 22 4 0 1 3 4 
569 22 4 0 2 4 5 
570 22 4 1 2 3 5 
571 22 3 0 3 4 
4 3 229
572 19 3 1 2 3
573 22 3 0 2 3
574 19 3 0 1 3
575 22 3 0 1 2
6 3 230
576 19 4 1 3 4 5 
577 18 3 0 3 5 
578 22 3 3 4 5 
579 22 5 0 1 2 4 5 
580 1 3 0 2 3 
581 0 4 0 1 2 3 
10 5 231
582 22 3 3 5 9 
583 22 5 5 6 7 8 9 
584 22 5 3 4 6 7 9 
585 19 5 0 2 4 5 9 
586 22 3 2 3 5 
587 22 5 0 1 3 4 9 
588 22 4 1 2 7 9 
589 22 4 1 2 6 8 
590 19 2 1 7 
591 19 6 0 1 2 3 5 6 
2 5 233
593 22 1 1
594 22 1 0
2 12 235
595 9 1 1
596 9 1 0
5 5 239
597 22 3 1 2 3 
598 1 4 0 2 3 4 
599 22 4 0 1 3 4 
600 22 4 0 1 2 4 
601 22 3 1 2 3 
1 3 24
602 19 1 0
21 3 240
603 1 5 7 8 12 17 19 
604 1 7 2 4 9 11 14 15 17 
605 1 4 1 4 17 19 
606 22 5 7 9 14 18 19 
607 22 4 1 2 14 19 
608 22 5 6 8 10 16 20 
609 22 4 5 11 16 20 
610 19 6 0 3 10 12 18 19 
611 22 6 0 5 10 12 16 17 
612 22 4 1 3 14 18 
613 1 6 5 7 8 12 13 20 
614 1 6 1 6 15 16 17 20 
615 22 4 0 7 8 10 
616 0 3 10 15 20 
617 22 5 1 3 4 9 19 
618 0 4 1 11 13 20 
619 19 5 5 6 8 11 17 
620 22 7 0 1 2 8 11 16 19 
621 22 3 3 7 9 
622 22 7 0 2 3 4 7 14 17 
623 19 6 5 6 10 11 13 15 
10 12 242
624 9 3 5 7 8 
625 22 4 4 5 6 8 
626 22 4 3 4 6 9 
627 22 3 2 6 9 
628 22 5 1 2 6 8 9 
629 18 5 0 1 6 7 8 
630 0 5 1 2 3 4 5 
631 14 3 0 5 8 
632 13 6 0 1 4 5 7 9 
633 22 4 2 3 4 8 
8 5 243
634 22 3 2 4 6 
635 22 4 2 3 5 7 
636 22 7 0 1 3 4 5 6 7 
637 22 3 1 2 5 
638 22 3 0 2 6 
639 22 4 1 2 3 6 
640 22 4 0 2 4 5 
641 22 2 1 2 
1 5 244
642 22 1 0
5 3 245
643 19 3 2 3 4 
644 17 2 3 4 
645 4 2 0 4 
646 0 3 0 1 4 
647 17 4 0 1 2 3 
3 5 246
648 22 2 1 2
649 0 2 0 2
650 22 2 0 1
2 5 247
651 22 1 1
652 22 1 0
7 5 248
653 22 2 3 6 
654 22 3 2 4 5 
655 19 5 1 3 4 5 6 
656 22 4 0 2 5 6 
657 19 4 1 2 5 6 
658 19 4 1 2 3 4 
659 19 4 0 2 3 4 
1 3 249
660 19 1 0
6 3 251
662 22 4 1 2 3 5 
663 19 4 0 3 4 5 
664 0 3 0 3 5 
665 0 4 0 1 2 4 
666 19 3 1 3 5 
667 19 4 0 1 2 4 
5 5 252
668 22 3 1 2 3 
669 22 3 0 3 4 
670 19 2 0 3 
671 22 4 0 1 2 4 
672 22 2 1 3 
30 3 253
673 19 5 1 5 8 18 24 
674 19 3 0 18 24 
675 22 7 3 5 16 25 27 28 29 
676 19 7 2 9 12 22 23 25 27 
677 0 5 15 16 17 26 28 
678 22 8 0 2 8 11 18 20 25 28 
679 0 4 7 16 17 26 
680 18 7 6 10 16 19 26 27 29 
681 19 6 0 5 10 20 21 24 
682 1 5 3 12 13 14 23 
683 12 6 7 8 19 21 24 27 
684 19 6 5 19 20 21 26 28 
685 0 4 3 9 14 27 
686 0 4 9 14 23 27 
687 1 4 9 12 13 27 
688 5 3 4 16 28 
689 22 8 2 4 6 7 15 17 28 29 
690 12 4 4 6 16 26 
691 22 7 0 1 5 22 23 24 25 
692 19 5 7 10 11 21 26 
693 19 4 5 8 11 21 
694 19 5 8 10 11 19 20 
695 19 4 3 18 23 25 
696 0 5 3 9 13 18 22 
697 19 5 0 1 8 10 18 
698 22 5 2 3 5 18 22 
699 1 7 4 6 7 11 17 19 28 
700 1 8 2 3 7 10 12 13 14 29 
701 1 7 2 4 5 11 15 16 26 
702 1 4 2 7 16 27 
11 3 254
703 22 5 3 4 6 7 8 
704 12 4 3 5 7 10 
705 19 5 4 5 8 9 10 
706 0 5 0 1 6 7 10 
707 19 4 0 2 6 8 
708 6 5 1 2 7 8 10 
709 17 3 0 3 4 
710 22 5 0 1 3 5 8 
711 19 5 0 2 4 5 7 
712 19 2 2 10 
713 19 5 1 2 3 5 9 
3 5 255
714 19 2 1 2
715 22 2 0 2
716 19 2 0 1
10 5 256
717 19 4 2 4 5 6 
718 19 3 4 5 8 
719 22 6 0 3 4 6 7 9 
720 19 4 2 6 7 9 
721 22 6 0 1 2 5 7 8 
722 22 4 0 1 4 6 
723 22 4 0 2 3 5 
724 22 5 2 3 4 8 9 
725 22 3 1 4 7 
726 22 3 2 3 7 
5 9 257
727 7 3 2 3 4 
728 1 2 2 4 
729 1 4 0 1 3 4 
730 1 3 0 2 4 
731 22 4 0 1 2 3 
4 3 258
732 22 3 1 2 3
733 19 3 0 2 3
734 22 3 0 1 3
735 9 3 0 1 2
1 5 26
736 22 1 0
20 3 260
737 19 6 2 9 10 14 15 17 
738 22 6 2 3 5 6 10 19 
739 19 8 0 1 3 4 5 6 10 17 
740 19 4 1 2 6 10 
741 22 4 2 5 15 17 
742 19 5 1 2 4 15 19 
743 19 3 1 2 3 
744 22 4 8 12 16 18 
745 19 5 7 11 12 13 16 
746 22 6 0 10 13 14 16 18 
747 9 6 0 1 2 3 9 18 
748 19 6 8 12 13 14 15 19 
749 22 4 7 8 11 19 
750 19 5 8 9 11 14 16 
751 19 5 0 9 11 13 15 
752 22 7 0 4 5 11 14 17 19 
753 22 5 7 8 9 13 18 
754 19 4 0 2 4 15 
755 22 4 7 9 10 16 
756 22 5 1 5 11 12 15 
9 3 261
757 19 4 1 3 5 7 
758 19 4 0 6 7 8 
759 19 5 4 5 6 7 8 
760 19 3 0 4 5 
761 19 4 2 3 5 8 
762 6 5 0 2 3 4 7 
763 19 4 1 2 7 8 
764 22 5 0 1 2 5 6 
765 22 4 1 2 4 6 
49 12 262
766 1 6 11 15 30 31 38 40 
767 1 6 2 11 13 17 25 44 
768 1 6 1 17 25 26 32 47 
769 1 6 14 19 22 23 28 37 
770 1 5 8 15 37 38 45 
771 1 4 9 17 20 44 
772 1 5 20 22 41 44 46 
773 1 4 14 34 36 46 
774 0 7 4 22 23 24 28 37 45 
775 19 7 5 16 17 18 20 21 34 
776 1 5 12 33 35 39 43 
777 1 6 0 1 13 25 30 31 
778 1 5 10 17 29 39 43 
779 1 4 1 11 30 44 
780 1 7 3 7 22 27 36 46 48 
781 1 5 0 4 38 40 45 
782 1 4 9 18 21 48 
783 18 10 1 2 5 9 12 18 29 32 39 44 
784 1 5 9 16 17 29 48 
785 19 3 3 23 28 
786 4 6 5 6 9 34 44 46 
787 1 6 9 16 27 34 36 48 
788 19 8 3 6 8 14 23 24 41 46 
789 1 5 3 8 19 22 28 
790 1 4 8 22 41 45 
791 12 6 1 2 11 31 38 47 
792 19 6 2 32 33 35 38 47 
793 1 4 14 21 36 48 
794 19 5 3 8 19 23 37 
795 1 5 12 17 18 43 48 
796 22 7 0 11 13 40 41 42 44 
797 1 4 0 11 25 38 
798 19 5 2 17 26 33 39 
799 9 5 10 26 32 35 39 
800 0 6 7 9 20 21 36 46 
801 1 5 10 26 33 38 43 
802 1 5 7 14 21 27 34 
803 1 4 3 4 8 28 
804 1 8 0 4 15 25 26 31 35 47 
805 1 5 10 12 17 32 33 
806 22 5 0 15 30 42 45 
807 1 7 6 22 24 30 42 44 45 
808 1 4 30 40 41 45 
809 22 5 10 12 29 35 48 
810 1 8 1 5 6 13 17 20 30 41 
811 1 7 4 8 15 24 40 41 42 
812 1 6 6 7 14 20 22 34 
813 6 4 2 25 26 38 
814 22 7 14 16 18 21 27 29 43 
1 9 263
815 7 1 0
2 3 264
816 22 1 1
817 19 1 0
4 3 266
818 13 3 1 2 3
819 0 3 0 2 3
820 22 3 0 1 3
821 22 3 0 1 2
9 5 267
822 22 3 1 3 5 
823 19 3 0 3 4 
824 22 4 4 5 7 8 
825 22 4 0 1 4 5 
826 22 4 1 2 3 5 
827 22 6 0 2 3 4 6 7 
828 22 3 5 7 8 
829 22 4 2 5 6 8 
830 19 3 2 6 7 
4 3 268
831 19 3 1 2 3
832 22 3 0 2 3
833 22 3 0 1 3
834 19 3 0 1 2
9 3 269
835 22 4 1 2 4 8 
836 19 4 0 2 7 8 
837 0 4 0 1 5 7 
838 19 3 4 6 8 
839 22 4 0 3 6 8 
840 22 3 2 6 7 
841 19 5 3 4 5 7 8 
842 19 5 1 2 5 6 8 
843 19 6 0 1 3 4 6 7 
7 3 270
844 19 4 1 2 3 4 
845 19 4 0 2 4 5 
846 22 2 0 1 
847 19 4 0 4 5 6 
848 12 5 0 1 3 5 6 
849 19 4 1 3 4 6 
850 12 3 3 4 5 
2 3 272
851 1 1 1
852 0 1 0
1 5 273
853 22 1 0
8 5 274
854 22 3 2 5 7 
855 22 4 3 4 5 6 
856 22 5 0 3 4 6 7 
857 22 4 1 2 4 6 
858 22 5 1 2 3 5 7 
859 22 4 0 1 4 7 
860 22 3 1 2 3 
861 22 4 0 2 4 5 
27 3 277
862 22 5 1 9 10 22 24 
863 22 4 0 10 13 22 
864 1 5 6 11 14 18 26 
865 22 5 5 10 12 15 24 
866 1 6 7 13 15 16 17 21 
867 1 5 3 7 12 15 20 
868 1 3 2 11 14 
869 22 6 4 5 15 16 20 25 
870 1 4 9 13 21 23 
871 22 4 0 8 22 23 
872 22 7 0 1 3 13 15 17 24 
873 1 6 2 6 12 14 18 24 
874 18 6 3 5 11 18 20 24 
875 1 8 1 4 8 10 17 21 22 23 
876 1 5 2 6 11 21 26 
877 22 6 3 4 5 7 10 17 
878 1 5 4 7 19 21 25 
879 1 4 4 10 13 15 
880 19 5 2 11 12 20 26 
881 1 5 16 20 21 25 26 
882 0 7 5 7 12 18 19 25 26 
883 22 7 4 8 13 14 16 19 26 
884 1 5 0 1 9 13 23 
885 1 4 8 9 13 22 
886 19 5 0 3 10 11 12 
887 1 4 7 16 19 20 
888 1 6 2 14 18 19 20 21 
11 9 278
889 19 5 3 5 6 7 8 
890 0 5 2 4 5 7 10 
891 22 4 1 4 9 10 
892 22 5 0 4 5 8 9 
893 1 5 1 2 3 5 9 
894 0 5 0 1 3 4 7 
895 1 4 0 7 8 10 
896 22 5 0 1 5 6 10 
897 22 4 0 3 6 10 
898 12 3 2 3 4 
899 1 5 1 2 6 7 8 
6 3 279
900 19 3 2 4 5 
901 19 2 3 5 
902 22 4 0 3 4 5 
903 22 4 1 2 4 5 
904 19 4 0 2 3 5 
905 19 5 0 1 2 3 4 
4 5 280
906 22 3 1 2 3
907 22 3 0 2 3
908 22 3 0 1 3
909 22 3 0 1 2
12 5 281
910 19 4 7 9 10 11 
911 22 3 4 6 10 
912 19 4 3 4 5 6 
913 19 6 2 5 6 8 9 11 
914 9 4 1 2 5 6 
915 19 4 2 3 4 8 
916 19 6 1 2 3 4 9 10 
917 9 2 0 10 
918 0 3 3 5 11 
919 22 5 0 3 6 10 11 
920 9 5 0 1 6 7 9 
921 22 4 0 3 8 9 
4 5 283
931 22 3 1 2 3
932 0 3 0 2 3
933 22 3 0 1 3
934 22 3 0 1 2
2 5 284
935 22 1 1
936 19 1 0
13 3 287
937 18 7 2 3 5 6 8 9 10 
938 1 5 2 5 7 8 12 
939 19 6 0 1 3 7 8 12 
940 0 4 0 2 6 7 
941 22 3 6 10 11 
942 22 4 0 1 8 10 
943 13 6 0 3 4 7 9 11 
944 22 4 1 2 3 6 
945 22 5 0 1 2 5 12 
946 19 4 0 6 10 11 
947 22 5 0 4 5 9 11 
948 19 4 4 6 9 10 
949 22 3 1 2 8 
9 5 288
950 0 7 2 3 4 5 6 7 8 
951 19 3 2 3 4 
952 19 5 0 1 3 4 6 
953 22 5 0 1 2 4 6 
954 22 4 0 1 2 3 
955 22 2 0 7 
956 22 5 0 2 3 7 8 
957 7 4 0 5 6 8 
958 22 3 0 6 7 
7 5 289
959 22 4 1 3 4 5 
960 22 3 0 4 5 
961 22 3 3 5 6 
962 22 4 0 2 4 5 
963 9 3 0 1 3 
964 13 5 0 1 2 3 6 
965 19 2 2 5 
1 5 290
966 22 1 0
1 5 291
967 22 1 0
7 5 293
968 4 4 1 3 4 5 
969 19 3 0 5 6 
970 0 3 3 4 6 
971 19 5 0 2 4 5 6 
972 22 3 0 2 3 
973 1 4 0 1 3 6 
974 1 4 1 2 3 5 
75 5 294
975 22 4 4 5 20 53 
976 22 6 6 11 40 41 42 47 
977 22 5 5 8 15 45 46 
978 22 6 11 14 37 39 51 71 
979 22 5 0 5 11 53 74 
980 22 7 0 2 4 8 11 20 45 
981 22 5 1 18 34 40 41 
982 9 7 12 16 17 32 44 68 69 
983 22 5 2 5 13 20 62 
984 0 7 21 27 28 30 31 33 50 
985 19 4 33 35 44 50 
986 22 10 1 3 4 5 37 41 45 47 71 74 
987 9 7 7 13 17 26 62 64 68 
988 7 5 8 12 16 17 62 
989 19 5 3 36 39 51 73 
990 19 5 2 43 45 46 47 
991 19 5 7 13 17 35 44 
992 1 4 7 12 13 16 
993 19 4 6 34 40 42 
994 22 3 36 38 39 
995 22 5 0 5 8 53 62 
996 0 4 9 30 32 50 
997 22 5 24 37 54 60 67 
998 1 5 49 56 60 66 69 
999 0 4 22 37 54 74 
1000 22 5 28 31 59 61 63 
1001 6 6 12 29 52 55 62 64 
1002 22 4 9 28 33 73 
1003 22 8 9 25 27 31 36 38 59 73 
1004 6 5 26 52 53 62 74 
1005 22 5 9 21 31 32 70 
1006 22 7 9 25 28 30 58 61 70 
1007 22 8 7 21 30 44 50 57 69 70 
1008 18 6 9 10 27 35 50 73 
1009 19 6 6 18 41 42 51 71 
1010 19 4 10 16 33 44 
1011 19 6 14 19 28 38 39 73 
1012 22 8 3 11 22 24 39 60 66 74 
1013 19 5 19 28 36 39 59 
1014 19 9 3 14 19 36 37 38 59 61 66 
1015 19 4 1 6 18 42 
1016 22 5 1 6 11 34 71 
1017 22 6 1 18 34 40 46 47 
1018 19 3 15 45 47 
1019 22 6 7 10 16 32 35 50 
1020 19 6 2 5 11 15 43 47 
1021 19 4 2 15 42 47 
1022 22 7 1 11 15 42 43 45 46 
1023 19 0 
1024 18 4 23 56 57 69 
1025 1 6 9 10 21 32 33 44 
1026 1 5 3 14 34 71 73 
1027 1 5 26 29 55 72 74 
1028 4 6 0 4 20 29 62 74 
1029 22 6 22 24 55 65 67 74 
1030 22 7 26 52 54 64 65 72 74 
1031 22 6 23 49 57 58 61 66 
1032 12 6 32 49 56 58 69 70 
1033 22 5 31 56 57 61 70 
1034 0 6 25 28 38 39 61 63 
1035 22 6 22 23 37 66 67 69 
1036 0 8 25 31 39 56 58 59 63 66 
1037 22 7 8 12 13 20 26 29 53 
1038 0 3 25 59 61 
1039 18 6 12 26 55 65 68 69 
1040 22 5 54 55 64 67 69 
1041 1 6 23 37 39 56 60 61 
1042 22 5 22 54 60 65 69 
1043 6 4 7 12 64 69 
1044 22 10 7 23 32 49 57 60 64 65 67 68 
1045 22 5 30 31 32 57 58 
1046 22 5 3 11 34 41 51 
1047 4 3 52 55 74 
1048 0 6 14 27 28 33 36 51 
1049 22 10 4 11 24 29 37 52 53 54 55 72 
7 5 295
1050 22 3 1 2 3 
1051 22 3 0 3 5 
1052 22 5 0 3 4 5 6 
1053 22 5 0 1 2 5 6 
1054 22 3 2 5 6 
1055 22 5 1 2 3 4 6 
1056 22 4 2 3 4 5 
1 5 299
1175 22 1 0
1 5 300
1176 19 1 0
25 3 302
1177 19 5 4 6 14 20 21 
1178 22 4 3 4 6 9 
1179 22 6 7 8 9 11 16 19 
1180 1 6 1 4 5 7 9 21 
1181 22 5 0 1 3 6 21 
1182 22 4 3 7 10 21 
1183 5 5 0 1 4 9 14 
1184 1 8 2 3 5 9 10 11 12 13 
1185 19 5 2 16 18 19 20 
1186 22 7 1 2 3 6 7 14 19 
1187 18 6 5 7 13 17 21 23 
1188 6 5 2 7 12 16 23 
1189 19 4 7 11 13 23 
1190 19 4 7 10 12 23 
1191 18 5 0 6 9 19 20 
1192 19 5 17 18 21 22 24 
1193 13 7 2 8 11 18 22 23 24 
1194 22 5 10 15 21 22 23 
1195 19 5 8 15 16 20 24 
1196 19 5 2 8 9 14 20 
1197 22 5 0 8 14 18 19 
1198 7 7 0 3 4 5 10 15 17 
1199 19 5 15 16 17 23 24 
1200 22 7 10 11 12 13 16 17 22 
1201 13 4 15 16 18 22 
7 5 303
1202 22 3 1 4 6 
1203 22 5 0 3 4 5 6 
1204 22 2 3 6 
1205 22 4 1 2 5 6 
1206 22 3 0 1 5 
1207 22 3 1 3 4 
1208 22 4 0 1 2 3 
7 5 307
1209 19 3 1 4 6 
1210 19 4 0 2 3 6 
1211 22 3 1 3 5 
1212 19 4 1 2 5 6 
1213 22 2 0 6 
1214 22 3 2 3 6 
1215 22 5 0 1 3 4 5 
3 5 308
1216 22 2 1 2
1217 22 2 0 2
1218 19 2 0 1
6 5 309
1219 22 4 1 2 3 4 
1220 22 3 0 2 5 
1221 22 4 0 1 3 5 
1222 22 4 0 2 4 5 
1223 22 3 0 3 5 
1224 22 4 1 2 3 4 
18 5 310
1225 19 7 1 2 6 8 10 13 14 
1226 22 5 0 6 7 9 14 
1227 13 4 0 4 8 13 
1228 9 4 5 11 12 15 
1229 22 5 2 6 7 13 17 
1230 19 5 3 8 12 15 16 
1231 22 5 0 1 4 7 13 
1232 22 5 1 4 6 9 17 
1233 4 6 0 2 5 10 15 16 
1234 0 5 1 7 11 14 17 
1235 22 6 0 8 11 12 14 16 
1236 0 6 3 9 10 12 14 17 
1237 22 5 3 5 10 11 16 
1238 0 4 0 2 4 6 
1239 0 5 0 1 9 10 11 
1240 1 3 3 5 8 
1241 19 4 5 8 10 12 
1242 22 4 4 7 9 11 
9 5 311
1243 22 4 2 3 5 6 
1244 19 2 2 8 
1245 22 5 0 1 3 7 8 
1246 22 4 0 2 5 7 
1247 0 2 5 6 
1248 9 5 0 3 4 6 7 
1249 22 3 0 4 5 
1250 9 4 2 3 5 8 
1251 0 3 1 2 7 
2 5 312
1252 22 1 1
1253 22 1 0
4 5 313
1254 19 3 1 2 3
1255 9 3 0 2 3
1256 9 3 0 1 3
1257 22 3 0 1 2
15 5 315
1258 22 7 1 2 3 4 5 7 14 
1259 1 4 0 2 5 11 
1260 22 5 0 1 3 5 11 
1261 19 4 0 2 4 11 
1262 22 6 0 3 8 11 13 14 
1263 19 3 0 1 2 
1264 0 4 7 9 10 12 
1265 22 4 0 6 12 14 
1266 22 5 4 9 12 13 14 
1267 19 5 6 8 10 12 13 
1268 13 3 6 9 13 
1269 22 5 1 2 3 4 13 
1270 0 5 6 7 8 9 14 
1271 13 5 4 8 9 10 11 
1272 12 5 0 4 7 8 12 
13 5 317
1308 19 5 1 2 5 10 12 
1309 22 4 0 10 11 12 
1310 22 5 0 3 5 8 10 
1311 22 3 2 8 10 
1312 22 4 5 9 11 12 
1313 22 7 0 2 4 7 8 9 12 
1314 22 3 7 8 9 
1315 22 4 5 6 8 9 
1316 1 5 2 3 5 6 7 
1317 1 4 4 5 6 7 
1318 22 5 0 1 2 3 11 
1319 22 4 1 4 10 12 
1320 22 5 0 1 4 5 11 
5 3 318
1321 19 4 1 2 3 4 
1322 19 3 0 2 4 
1323 0 3 0 1 3 
1324 22 3 0 2 4 
1325 22 3 0 1 3 
5 5 319
1326 22 2 3 4 
1327 22 3 2 3 4 
1328 22 3 1 3 4 
1329 22 4 0 1 2 4 
1330 22 4 0 1 2 3 
2 5 320
1331 22 1 1
1332 22 1 0
3 5 322
1333 13 2 1 2
1334 13 2 0 2
1335 19 2 0 1
5 5 323
1336 22 4 1 2 3 4 
1337 22 2 0 4 
1338 1 3 0 3 4 
1339 4 2 0 2 
1340 22 3 0 1 2 
22 5 324
1341 19 4 1 11 14 16 
1342 19 4 0 14 15 18 
1343 22 5 6 9 14 17 20 
1344 22 5 4 8 10 19 21 
1345 22 8 3 6 7 9 10 15 18 21 
1346 22 5 8 9 12 20 21 
1347 22 5 2 4 9 14 18 
1348 19 4 4 10 13 15 
1349 22 6 3 5 12 13 19 21 
1350 22 6 2 4 5 6 20 21 
1351 22 5 3 4 7 13 19 
1352 19 4 0 14 16 17 
1353 9 4 5 8 13 20 
1354 19 5 7 8 10 12 19 
1355 22 7 0 1 2 6 11 17 18 
1356 7 4 1 4 7 18 
1357 22 4 0 11 17 20 
1358 22 5 2 11 14 16 20 
1359 0 5 1 4 6 14 15 
1360 22 4 3 8 10 13 
1361 22 6 2 5 9 12 16 17 
1362 22 5 3 4 5 8 9 
1 5 325
1363 19 1 0
12 3 326
1364 19 5 1 2 8 10 11 
1365 7 4 0 2 3 8 
1366 9 6 0 1 3 6 10 11 
1367 0 4 1 2 8 9 
1368 1 3 5 8 11 
1369 1 5 4 6 7 8 11 
1370 22 4 2 5 7 11 
1371 1 4 5 6 8 9 
1372 13 8 0 1 3 4 5 7 9 11 
1373 22 3 3 7 8 
1374 22 3 0 2 11 
1375 7 7 0 2 4 5 6 8 10 
14 14 328
1376 1 5 3 4 6 10 13 
1377 1 7 2 4 8 9 10 11 12 
1378 22 5 1 3 5 9 12 
1379 1 5 0 2 4 5 12 
1380 22 5 0 1 3 10 12 
1381 22 4 2 3 7 9 
1382 22 5 0 7 8 11 13 
1383 22 4 5 6 9 11 
1384 18 5 1 6 10 11 13 
1385 22 5 1 2 5 7 11 
1386 1 5 0 1 4 8 13 
1387 19 5 1 6 7 8 9 
1388 19 4 1 2 3 4 
1389 22 4 0 6 8 10 
4 5 329
1390 19 3 1 2 3
1391 19 3 0 2 3
1392 19 3 0 1 3
1393 19 3 0 1 2
70 9 33
1394 19 4 4 14 54 57 
1395 22 6 3 5 6 58 59 69 
1396 13 7 9 11 12 13 36 45 51 
1397 22 5 1 5 13 40 58 
1398 19 6 0 8 14 24 49 54 
1399 18 8 1 3 13 37 42 44 68 69 
1400 0 7 1 10 30 31 58 59 62 
1401 22 5 23 25 27 28 35 
1402 19 5 4 10 24 48 49 
1403 7 5 2 12 13 16 21 
1404 19 6 6 8 24 30 48 62 
1405 7 3 2 12 36 
1406 7 6 2 9 11 16 22 34 
1407 7 10 2 3 5 9 21 25 40 42 45 47 
1408 7 5 0 4 18 24 57 
1409 19 0 
1410 22 5 9 12 20 21 22 
1411 19 4 26 32 33 55 
1412 7 4 14 24 57 63 
1413 1 4 20 22 29 35 
1414 0 6 16 19 21 22 28 29 
1415 1 6 9 13 16 20 25 28 
1416 18 7 12 16 19 20 34 35 55 
1417 22 5 7 25 26 31 35 
1418 18 9 4 8 10 14 18 30 32 33 34 
1419 22 7 7 13 21 23 28 31 40 
1420 22 6 17 23 31 33 35 55 
1421 0 4 7 28 29 35 
1422 1 6 7 20 21 25 27 29 
1423 8 5 19 20 27 28 35 
1424 19 5 6 10 24 31 33 
1425 9 8 6 23 25 26 30 33 40 58 
1426 2 5 17 24 33 34 55 
1427 22 6 17 24 26 30 31 32 
1428 19 5 12 22 24 32 55 
1429 22 8 7 19 22 23 26 27 29 55 
1430 4 5 2 11 43 51 66 
1431 19 4 5 44 61 68 
1432 19 5 39 41 43 52 56 
1433 19 5 38 41 42 44 56 
1434 22 5 3 13 25 31 58 
1435 12 6 38 39 42 47 51 52 
1436 7 6 5 13 39 41 44 47 
1437 13 7 36 38 46 52 53 56 66 
1438 19 6 5 37 39 42 56 61 
1439 12 4 2 13 47 51 
1440 1 4 43 51 53 66 
1441 12 5 13 41 42 45 51 
1442 10 6 8 10 49 50 60 62 
1443 19 5 4 8 48 50 54 
1444 19 6 48 49 54 57 60 63 
1445 12 9 2 36 41 45 46 47 52 53 66 
1446 1 5 38 41 43 51 53 
1447 22 4 43 46 51 52 
1448 10 5 0 4 49 50 57 
1449 18 6 17 22 26 32 34 35 
1450 9 7 38 39 43 44 61 63 67 
1451 19 6 0 14 18 50 54 63 
1452 22 5 1 3 6 31 40 
1453 19 5 1 6 60 62 69 
1454 19 6 48 50 59 62 63 69 
1455 19 6 37 44 56 65 67 68 
1456 18 5 6 10 48 59 60 
1457 19 8 18 50 56 57 60 64 67 69 
1458 19 4 63 65 67 69 
1459 19 5 61 64 67 68 69 
1460 12 4 36 43 46 51 
1461 19 5 56 61 63 64 65 
1462 22 5 5 37 61 65 69 
1463 19 8 1 5 59 60 63 64 65 68 
2 5 330
1464 19 1 1
1465 19 1 0
5 5 331
1466 22 3 1 3 4 
1467 19 4 0 2 3 4 
1468 22 2 1 3 
1469 22 4 0 1 2 4 
1470 22 3 0 1 3 
3 5 332
1471 5 2 1 2
1472 0 2 0 2
1473 22 2 0 1
2 5 333
1474 19 1 1
1475 22 1 0
1 5 336
1534 22 1 0
4 5 338
1538 19 3 1 2 3
1539 22 3 0 2 3
1540 19 3 0 1 3
1541 22 3 0 1 2
1 5 342
1542 22 1 0
3 5 344
1543 22 2 1 2
1544 22 2 0 2
1545 22 2 0 1
10 5 346
1546 18 4 1 4 7 8 
1547 19 5 0 2 4 5 8 
1548 19 3 1 4 5 
1549 19 4 6 7 8 9 
1550 1 5 0 1 2 5 7 
1551 18 6 1 2 4 6 8 9 
1552 0 4 3 5 8 9 
1553 18 4 0 3 4 8 
1554 1 6 0 1 3 5 6 7 
1555 22 3 3 5 6 
1 1 348
1556 13 1 0
13 9 350
1557 1 5 3 6 7 8 12 
1558 0 4 3 4 7 12 
1559 19 5 4 5 7 8 9 
1560 1 4 0 1 7 12 
1561 22 6 1 2 5 7 9 12 
1562 0 3 2 4 9 
1563 1 2 0 12 
1564 0 6 0 1 2 3 4 8 
1565 13 6 0 2 7 9 10 11 
1566 0 6 2 4 5 8 10 12 
1567 7 3 8 9 11 
1568 19 2 8 10 
1569 0 6 0 1 3 4 6 9 
13 5 351
1570 19 4 7 8 9 12 
1571 19 5 2 3 7 9 11 
1572 22 4 1 3 10 11 
1573 22 6 1 2 4 5 9 10 
1574 22 4 3 5 9 12 
1575 22 4 3 4 10 12 
1576 19 2 7 8 
1577 19 6 0 1 6 8 9 11 
1578 22 3 0 6 7 
1579 22 6 0 1 3 4 7 12 
1580 22 4 2 3 5 11 
1581 19 4 1 2 7 10 
1582 22 4 0 4 5 9 
1 5 353
1583 22 1 0
10 3 355
1584 22 6 2 4 5 6 7 8 
1585 1 5 2 3 6 8 9 
1586 22 5 0 1 6 8 9 
1587 18 4 1 4 6 7 
1588 1 4 0 3 6 7 
1589 1 3 0 7 8 
1590 1 5 0 1 2 3 4 
1591 22 4 0 3 4 5 
1592 19 5 0 1 2 5 9 
1593 22 3 1 2 8 
1 5 361
1594 22 1 0
8 5 362
1595 13 5 2 3 5 6 7 
1596 0 2 4 6 
1597 22 5 0 3 4 5 6 
1598 19 3 0 2 7 
1599 13 3 1 2 6 
1600 19 3 0 2 6 
1601 9 6 0 1 2 4 5 7 
1602 14 3 0 3 6 
3 5 363
1603 22 2 1 2
1604 0 2 0 2
1605 22 2 0 1
6 5 364
1606 22 3 2 4 5 
1607 1 3 2 3 5 
1608 19 4 0 1 3 5 
1609 19 3 1 2 5 
1610 19 2 0 5 
1611 1 5 0 1 2 3 4 
9 11 366
1641 18 5 1 2 3 7 8 
1642 18 5 0 5 6 7 8 
1643 18 4 0 3 4 8 
1644 22 5 0 2 5 6 7 
1645 22 2 2 8 
1646 22 4 1 3 6 8 
1647 0 4 1 3 5 7 
1648 1 4 0 1 3 6 
1649 22 5 0 1 2 4 5 
3 5 367
1650 9 2 1 2
1651 22 2 0 2
1652 19 2 0 1
3 5 369
1653 19 2 1 2
1654 22 2 0 2
1655 9 2 0 1
6 3 371
1656 22 2 1 5 
1657 22 4 0 2 4 5 
1658 22 3 1 3 4 
1659 1 3 2 4 5 
1660 22 4 1 2 3 5 
1661 12 4 0 1 3 4 
135 10 372
1662 18 8 4 81 82 99 102 108 112 119 
1663 19 8 6 8 13 32 53 55 67 69 
1664 1 4 3 34 54 68 
1665 1 7 2 8 9 34 54 55 72 
1666 6 5 0 81 103 111 112 
1667 1 5 7 12 23 67 71 
1668 1 4 1 13 53 56 
1669 14 6 5 14 67 69 71 73 
1670 1 6 1 3 53 55 70 72 
1671 4 4 3 54 55 73 
1672 1 0 
1673 1 6 23 57 58 77 130 133 
1674 1 3 5 23 67 
1675 19 6 1 6 56 67 84 91 
1676 1 5 7 23 58 71 73 
1677 9 7 33 43 44 46 74 125 132 
1678 9 9 18 33 36 44 62 76 94 120 134 
1679 4 4 19 21 95 131 
1680 9 3 16 94 134 
1681 4 5 17 21 123 126 131 
1682 4 7 22 24 26 59 60 128 133 
1683 6 7 17 19 43 95 125 126 132 
1684 0 6 20 26 35 57 130 133 
1685 1 12 5 11 12 14 58 67 71 77 81 88 90 98 
1686 4 8 20 30 50 60 62 65 86 128 
1687 0 5 27 28 29 43 68 
1688 4 4 20 22 35 128 
1689 1 9 25 28 56 68 84 95 122 124 129 
1690 1 4 25 27 29 122 
1691 4 4 25 28 43 122 
1692 4 6 24 31 50 77 86 87 
1693 1 6 30 35 57 86 87 128 
1694 18 4 1 55 69 73 
1695 8 6 15 16 44 74 97 120 
1696 4 4 2 3 68 72 
1697 1 5 22 26 31 57 128 
1698 19 7 16 44 52 62 63 65 66 
1699 19 6 42 47 49 60 63 65 
1700 19 4 39 52 63 64 
1701 22 7 38 40 41 47 48 63 64 
1702 18 4 39 41 48 61 
1703 1 6 39 40 47 49 60 61 
1704 1 3 37 63 65 
1705 22 12 15 21 25 29 46 48 54 61 68 95 122 125 
1706 22 7 15 16 33 36 46 52 64 
1707 19 6 51 94 97 126 127 134 
1708 0 5 15 43 44 48 64 
1709 1 5 37 39 41 49 63 
1710 1 6 39 40 43 46 61 64 
1711 1 4 37 41 47 60 
1712 9 6 24 30 51 62 75 77 
1713 18 7 45 50 62 75 80 126 127 
1714 5 5 36 38 44 63 64 
1715 0 5 1 6 8 56 70 
1716 18 8 2 3 9 43 58 61 68 73 
1717 4 6 1 3 8 9 32 73 
1718 4 7 6 13 27 53 68 70 84 
1719 19 7 11 22 31 35 77 87 130 
1720 18 8 11 14 23 54 59 61 73 133 
1721 18 5 20 58 60 61 133 
1722 1 8 20 24 37 41 49 59 61 65 
1723 1 8 40 41 43 48 54 58 59 60 
1724 18 9 16 24 36 50 51 65 66 76 127 
1725 22 8 36 37 38 39 42 47 52 65 
1726 13 6 38 39 44 46 48 52 
1727 4 8 24 36 37 42 60 62 63 66 
1728 18 3 36 62 65 
1729 22 9 1 5 7 12 13 23 69 88 91 
1730 6 9 2 25 27 34 43 54 56 70 72 
1731 12 5 1 7 32 67 73 
1732 12 5 8 53 56 68 72 
1733 1 4 5 7 14 23 
1734 12 5 3 8 34 68 70 
1735 4 8 7 9 14 32 54 55 58 69 
1736 4 4 15 33 97 132 
1737 9 4 50 51 77 80 
1738 1 4 16 62 127 134 
1739 18 10 11 23 30 50 57 75 78 87 96 98 
1740 12 3 77 96 98 
1741 2 3 80 100 108 
1742 4 9 51 75 79 100 105 106 115 117 126 
1743 12 9 0 4 23 82 83 89 90 98 103 
1744 18 7 0 81 83 102 109 110 116 
1745 12 6 81 82 85 89 101 116 
1746 0 10 13 27 56 85 91 92 107 113 114 129 
1747 4 8 83 84 88 89 91 92 101 107 
1748 4 4 24 30 31 128 
1749 6 4 30 31 57 77 
1750 12 6 23 67 85 89 90 91 
1751 18 5 81 83 85 88 90 
1752 9 4 23 81 88 89 
1753 4 6 13 67 84 85 88 92 
1754 9 3 84 85 91 
1755 9 0 
1756 4 6 16 18 45 97 120 134 
1757 4 7 17 21 27 43 122 124 131 
1758 12 3 77 78 98 
1759 1 7 33 45 74 94 120 126 132 
1760 12 5 23 77 78 81 96 
1761 4 5 0 103 108 111 119 
1762 22 10 79 80 101 104 107 108 109 116 117 118 
1763 4 6 83 85 100 107 116 118 
1764 2 4 0 82 108 110 
1765 1 5 4 81 99 108 111 
1766 1 7 100 105 106 107 113 115 117 
1767 1 4 80 104 106 115 
1768 1 6 80 104 105 113 114 126 
1769 4 7 84 85 100 101 104 113 118 
1770 18 8 0 79 99 100 102 103 109 110 
1771 1 5 82 100 108 110 116 
1772 1 4 82 102 108 109 
1773 4 5 4 99 103 112 119 
1774 19 4 0 4 111 119 
1775 1 5 84 104 106 107 114 
1776 19 5 84 106 113 126 129 
1777 1 4 80 104 105 117 
1778 1 5 82 83 100 101 109 
1779 1 4 80 100 104 115 
1780 22 3 100 101 107 
1781 6 4 0 99 111 112 
1782 18 4 16 33 94 97 
1783 1 4 123 124 129 131 
1784 1 5 27 28 29 43 95 
1785 4 5 19 121 126 129 131 
1786 1 5 27 95 121 129 131 
1787 1 4 15 21 43 132 
1788 9 11 19 21 45 51 80 97 106 114 123 129 132 
1789 1 5 45 51 62 76 134 
1790 22 6 20 24 26 31 35 86 
1791 18 7 27 84 114 121 123 124 126 
1792 4 4 11 22 57 133 
1793 1 6 17 19 95 121 123 124 
1794 1 6 15 21 74 97 125 126 
1795 1 6 11 20 22 58 59 130 
1796 1 6 16 18 45 76 94 127 
2 5 373
1797 22 1 1
1798 19 1 0
1 5 375
1799 19 1 0
5 5 376
1800 22 2 2 3 
1801 19 3 2 3 4 
1802 22 3 0 1 3 
1803 22 4 0 1 2 4 
1804 22 2 1 3 
4 12 378
1813 22 3 1 2 3
1814 1 3 0 2 3
1815 22 3 0 1 3
1816 0 3 0 1 2
1 5 379
1817 1 1 0
1 8 38
1818 22 1 0
3 5 380
1819 22 2 1 2
1820 19 2 0 2
1821 14 2 0 1
2 5 382
1828 22 1 1
1829 22 1 0
44 1 386
1837 22 4 28 32 34 42 
1838 22 6 10 21 22 23 37 43 
1839 22 6 15 18 20 30 41 43 
1840 22 3 8 30 38 
1841 22 5 11 19 27 33 42 
1842 22 5 14 29 33 34 42 
1843 22 4 8 20 24 30 
1844 22 6 13 24 28 29 32 40 
1845 22 4 3 6 24 30 
1846 22 5 13 28 29 34 40 
1847 22 6 1 21 22 27 29 35 
1848 22 4 4 12 19 42 
1849 22 6 11 19 21 35 37 42 
1850 22 4 7 9 28 40 
1851 22 3 5 29 34 
1852 22 5 2 18 23 25 43 
1853 22 5 18 22 25 26 29 
1854 22 3 36 37 39 
1855 22 6 2 15 16 25 26 41 
1856 22 5 4 11 12 27 35 
1857 22 5 2 6 24 30 41 
1858 22 5 1 10 12 35 37 
1859 22 6 1 10 16 23 25 29 
1860 22 5 1 15 22 25 43 
1861 22 6 6 7 8 20 29 41 
1862 22 5 15 16 18 22 23 
1863 22 4 16 18 29 41 
1864 22 6 4 10 19 29 33 35 
1865 18 6 0 7 9 13 32 34 
1866 7 14 5 7 9 10 14 16 22 24 26 27 33 34 40 41 
1867 18 9 2 3 6 8 20 31 38 39 43 
1868 22 4 30 36 38 39 
1869 22 3 0 7 28 
1870 22 5 4 5 27 29 42 
1871 22 7 0 5 9 14 28 29 42 
1872 22 5 10 12 19 21 27 
1873 22 3 17 31 39 
1874 22 6 1 12 17 21 39 43 
1875 22 3 3 30 31 
1876 22 6 17 30 31 36 37 43 
1877 22 4 7 9 13 29 
1878 22 6 2 18 20 24 26 29 
1879 22 7 0 4 5 11 12 33 34 
1880 13 7 1 2 15 23 30 37 39 
3 5 387
1881 22 2 1 2
1882 19 2 0 2
1883 22 2 0 1
5 5 390
1884 1 2 3 4 
1885 22 3 2 3 4 
1886 22 2 1 4 
1887 6 3 0 1 4 
1888 5 4 0 1 2 3 
1 5 394
1900 22 1 0
2 5 395
1901 19 1 1
1902 19 1 0
2 5 396
1903 22 1 1
1904 22 1 0
1 12 397
1905 9 1 0
2 5 399
1907 22 1 1
1908 19 1 0
1 7 40
1911 1 1 0
9 5 400
1912 18 5 1 2 6 7 8 
1913 0 5 0 2 4 5 6 
1914 22 4 0 1 4 8 
1915 22 3 5 6 7 
1916 1 4 1 2 5 8 
1917 14 4 1 3 4 6 
1918 0 5 0 1 3 5 7 
1919 19 4 0 3 6 8 
1920 19 4 0 2 4 7 
6 5 401
1921 19 3 1 2 4 
1922 17 4 0 2 4 5 
1923 0 3 0 1 4 
1924 19 2 4 5 
1925 19 5 0 1 2 3 5 
1926 22 3 1 3 4 
3 5 403
1927 0 2 1 2
1928 9 2 0 2
1929 19 2 0 1
2 5 405
1930 22 1 1
1931 22 1 0
3 5 406
1932 13 2 1 2
1933 19 2 0 2
1934 19 2 0 1
3 5 407
1935 0 2 1 2
1936 0 2 0 2
1937 0 2 0 1
1 5 409
1938 22 1 0
4 5 410
1939 19 3 1 2 3
1940 22 3 0 2 3
1941 19 3 0 1 3
1942 19 3 0 1 2
6 5 411
1943 22 3 1 3 5 
1944 22 4 0 2 3 5 
1945 9 4 1 3 4 5 
1946 0 4 0 1 2 4 
1947 19 2 2 3 
1948 22 3 0 1 2 
1 5 412
1949 19 1 0
4 5 413
1950 22 3 1 2 3
1951 1 3 0 2 3
1952 0 3 0 1 3
1953 22 3 0 1 2
2 5 415
1954 19 1 1
1955 22 1 0
10 5 417
1956 22 5 1 3 4 6 7 
1957 13 4 0 4 6 8 
1958 22 4 3 6 7 9 
1959 22 6 0 2 4 5 7 8 
1960 22 4 0 1 3 8 
1961 22 2 3 8 
1962 22 5 0 1 2 7 9 
1963 22 4 0 2 3 6 
1964 22 4 1 3 4 5 
1965 22 2 2 6 
2 5 418
1966 10 1 1
1967 14 1 0
3 5 421
1968 22 2 1 2
1969 22 2 0 2
1970 9 2 0 1
3 5 422
1971 22 2 1 2
1972 4 2 0 2
1973 1 2 0 1
1 5 423
1974 0 1 0
2 5 425
1975 0 1 1
1976 19 1 0
4 9 427
1977 1 3 1 2 3
1978 22 3 0 2 3
1979 18 3 0 1 3
1980 22 3 0 1 2
2 5 429
1981 14 1 1
1982 1 1 0
1 5 431
1983 22 1 0
2 5 432
1984 19 1 1
1985 19 1 0
2 5 433
1986 1 1 1
1987 19 1 0
3 5 434
1988 22 2 1 2
1989 0 2 0 2
1990 19 2 0 1
4 5 435
1991 19 3 1 2 3
1992 22 3 0 2 3
1993 19 3 0 1 3
1994 19 3 0 1 2
2 5 436
1995 22 1 1
1996 14 1 0
2 5 437
1997 19 1 1
1998 1 1 0
3 5 438
1999 19 2 1 2
2000 22 2 0 2
2001 22 2 0 1
257 9 439
2002 18 4 6 37 51 62 
2003 19 4 34 127 130 131 
2004 19 4 4 5 10 29 
2005 19 7 6 7 15 29 35 58 248 
2006 22 7 2 7 10 29 37 50 51 
2007 22 4 2 8 10 29 
2008 1 6 0 3 7 37 62 248 
2009 22 5 3 4 6 29 37 
2010 22 5 5 10 29 31 237 
2011 1 4 80 94 96 153 
2012 18 6 2 4 5 8 50 237 
2013 1 6 39 41 189 192 230 238 
2014 22 5 32 40 47 57 240 
2015 22 6 15 16 19 21 23 57 
2016 18 3 15 21 35 
2017 22 7 3 13 14 21 35 57 58 
2018 18 4 13 23 36 57 
2019 1 7 19 22 25 29 31 33 35 
2020 18 5 25 38 39 47 194 
2021 1 7 13 17 21 23 26 33 35 
2022 1 4 22 23 25 27 
2023 1 5 13 14 15 19 35 
2024 1 6 17 20 25 26 27 33 
2025 4 8 13 16 19 20 25 26 27 36 
2026 4 0 
2027 0 10 17 18 20 22 23 36 47 194 204 254 
2028 4 5 19 22 23 27 33 
2029 6 4 20 22 23 26 
2030 7 5 121 130 134 150 154 
2031 7 9 2 3 4 5 7 8 17 31 35 
2032 7 11 63 68 89 92 114 119 170 171 179 187 211 
2033 9 4 8 17 29 237 
2034 9 7 12 40 230 231 239 240 246 
2035 1 4 17 19 22 26 
2036 19 4 1 113 131 247 
2037 1 7 3 14 15 17 19 21 29 
2038 0 5 16 23 25 47 57 
2039 22 5 0 4 6 7 51 
2040 0 5 18 39 40 41 47 
2041 0 7 11 18 38 41 189 194 197 
2042 19 6 12 32 38 41 47 230 
2043 22 5 11 38 39 40 230 
2044 22 4 44 45 46 198 
2045 22 3 45 46 48 
2046 22 7 42 46 61 198 233 249 250 
2047 22 6 42 43 46 48 106 198 
2048 22 6 42 43 44 45 48 249 
2049 1 7 12 18 25 36 38 40 57 
2050 22 6 43 45 46 98 106 108 
2051 22 7 52 54 56 59 203 210 219 
2052 22 7 4 10 51 53 55 214 237 
2053 22 7 0 4 37 50 54 55 62 
2054 22 4 49 54 56 235 
2055 22 5 50 55 59 203 214 
2056 22 8 49 51 52 55 59 62 231 235 
2057 22 5 50 51 53 54 59 
2058 22 10 49 52 106 149 198 202 206 218 219 235 
2059 22 9 12 13 15 16 36 47 58 240 248 
2060 19 4 3 15 57 248 
2061 22 5 49 53 54 55 203 
2062 22 4 62 157 231 240 
2063 9 5 44 118 198 226 233 
2064 18 8 0 6 51 54 60 157 231 248 
2065 1 7 30 119 137 170 186 199 253 
2066 18 9 65 67 88 99 100 177 180 186 252 
2067 1 8 64 70 99 105 115 174 205 252 
2068 1 9 140 144 146 147 155 181 182 185 256 
2069 22 6 64 84 90 96 99 180 
2070 1 4 30 89 171 172 
2071 19 7 70 72 116 166 188 225 251 
2072 0 6 65 69 72 105 115 116 
2073 19 8 72 75 78 81 90 99 102 225 
2074 19 6 69 70 71 78 105 225 
2075 1 5 77 100 152 180 184 
2076 22 6 80 84 91 94 103 178 
2077 0 3 71 90 102 
2078 22 5 84 91 97 103 120 
2079 1 4 73 117 180 184 
2080 22 4 71 72 99 105 
2081 22 5 82 84 90 95 120 
2082 22 9 9 74 94 153 178 191 208 211 237 
2083 22 6 71 90 95 101 102 225 
2084 22 4 79 90 95 101 
2085 22 5 86 117 119 180 211 
2086 1 9 67 74 76 79 90 91 94 96 120 
2087 22 6 147 155 156 159 163 168 
2088 9 5 83 96 153 180 211 
2089 18 5 156 160 161 163 245 
2090 1 5 64 138 175 177 252 
2091 1 6 30 68 107 114 172 201 
2092 1 10 67 71 75 79 81 82 84 99 101 102 
2093 22 4 74 76 84 103 
2094 22 6 30 93 106 108 114 179 
2095 1 5 92 106 149 179 202 
2096 1 5 9 74 80 84 96 
2097 1 8 79 81 82 97 101 103 120 237 
2098 1 7 9 67 84 86 94 153 180 
2099 1 4 76 95 103 120 
2100 14 5 48 108 109 110 247 
2101 22 7 64 65 67 71 78 90 105 
2102 1 6 64 73 152 180 186 253 
2103 22 4 81 82 90 95 
2104 1 4 71 75 81 90 
2105 1 7 74 76 91 95 97 178 237 
2106 9 5 121 125 134 158 245 
2107 19 5 65 70 72 78 99 
2108 13 8 45 48 56 92 93 108 198 202 
2109 22 6 89 111 112 114 196 201 
2110 1 8 48 92 98 106 110 111 112 114 
2111 22 4 98 110 113 247 
2112 1 5 98 108 109 111 113 
2113 1 9 107 108 110 112 113 125 135 141 196 
2114 1 4 107 108 111 114 
2115 1 7 34 109 110 111 131 135 247 
2116 19 6 30 89 92 107 108 112 
2117 1 4 65 70 116 205 
2118 1 5 69 70 115 205 251 
2119 22 5 77 83 119 180 184 
2120 13 4 61 200 226 233 
2121 22 8 30 63 83 117 152 184 211 253 
2122 22 5 76 79 84 95 97 
2123 9 5 28 104 134 154 245 
2124 19 8 123 127 128 129 130 131 132 150 
2125 19 6 122 125 132 134 135 150 
2126 0 4 129 132 133 135 
2127 19 7 104 111 123 134 135 141 158 
2128 0 0 
2129 1 4 1 122 130 131 
2130 1 4 122 129 131 133 
2131 1 5 122 124 128 132 133 
2132 22 6 1 28 122 127 150 154 
2133 1 8 1 34 113 122 127 128 133 135 
2134 1 5 122 123 124 129 135 
2135 22 5 124 128 129 131 135 
2136 10 6 28 104 121 123 125 150 
2137 0 8 111 113 123 124 125 131 132 133 
2138 12 9 139 170 172 175 176 182 187 199 255 
2139 1 4 63 148 186 199 
2140 1 4 88 164 175 252 
2141 0 6 136 173 174 176 182 205 
2142 22 5 66 155 182 223 224 
2143 1 7 111 125 155 158 196 224 234 
2144 1 6 161 165 167 168 169 188 
2145 22 4 144 145 146 168 
2146 1 5 66 143 146 147 168 
2147 0 6 143 146 162 166 168 169 
2148 1 6 66 143 144 145 166 185 
2149 1 6 66 85 144 159 168 181 
2150 1 5 137 177 186 199 255 
2151 1 5 56 93 179 202 206 
2152 22 5 28 122 123 130 134 
2153 22 6 172 182 196 229 234 241 
2154 1 5 73 100 119 184 253 
2155 22 5 9 80 86 96 211 
2156 4 4 28 121 130 245 
2157 1 9 66 85 140 141 158 159 163 181 224 
2158 22 5 85 87 161 163 168 
2159 13 4 60 62 240 248 
2160 9 6 104 125 141 155 163 245 
2161 22 4 85 147 155 181 
2162 0 6 87 161 167 188 225 245 
2163 1 6 87 142 156 160 167 168 
2164 1 4 145 165 166 169 
2165 1 6 85 87 155 156 158 245 
2166 1 5 138 175 176 242 252 
2167 1 5 142 162 166 169 188 
2168 1 8 69 145 146 162 165 185 188 251 
2169 1 4 142 160 161 188 
2170 22 9 85 142 143 144 145 147 156 161 169 
2171 1 5 142 145 162 165 168 
2172 22 5 30 63 136 187 199 
2173 1 4 30 68 172 187 
2174 22 10 68 89 136 151 171 182 187 201 229 241 
2175 22 4 139 182 205 256 
2176 1 6 65 139 176 205 242 252 
2177 22 7 88 136 138 164 176 177 255 
2178 22 6 136 139 164 174 175 242 
2179 22 6 64 88 148 175 186 255 
2180 1 4 74 80 103 237 
2181 22 6 30 92 93 149 206 211 
2182 0 9 64 67 73 77 83 86 96 100 117 
2183 19 4 66 147 155 159 
2184 19 10 66 136 139 140 151 172 173 223 234 256 
2185 22 5 189 192 193 215 222 
2186 1 5 73 77 117 119 152 
2187 19 5 66 146 166 251 256 
2188 19 7 63 64 100 137 148 177 253 
2189 1 5 30 136 170 171 172 
2190 1 7 69 142 160 165 166 167 225 
2191 1 7 11 39 183 192 193 195 197 
2192 1 5 209 211 218 220 221 
2193 1 5 80 208 213 214 237 
2194 14 6 11 183 189 215 232 238 
2195 22 5 183 189 195 217 222 
2196 22 5 18 25 39 197 204 
2197 22 6 189 193 197 204 216 217 
2198 1 8 107 111 141 151 201 228 229 234 
2199 22 5 39 189 194 195 204 
2200 18 8 42 44 45 56 61 106 226 235 
2201 1 6 63 136 137 148 170 255 
2202 18 5 118 226 227 233 250 
2203 1 6 89 107 172 196 228 229 
2204 18 4 56 93 106 149 
2205 1 7 49 53 59 207 210 212 214 
2206 12 7 25 194 195 197 216 227 254 
2207 1 8 65 115 116 139 173 174 251 256 
2208 1 5 56 149 179 211 218 
2209 22 6 203 208 210 212 220 221 
2210 22 7 80 191 207 211 212 213 221 
2211 18 4 190 218 219 220 
2212 1 5 49 203 207 219 220 
2213 22 12 30 80 83 86 119 153 179 190 206 208 218 221 
2214 9 5 203 207 208 213 214 
2215 1 4 191 208 212 214 
2216 1 7 50 53 191 203 212 213 237 
2217 22 6 183 192 222 232 235 244 
2218 4 5 195 204 217 226 227 
2219 19 5 193 195 216 222 226 
2220 1 6 56 190 206 209 211 219 
2221 4 6 49 56 209 210 218 220 
2222 1 6 190 207 209 210 219 221 
2223 1 5 190 207 208 211 220 
2224 1 6 183 193 215 217 226 235 
2225 19 4 140 182 224 234 
2226 1 5 140 141 155 223 234 
2227 22 6 69 71 72 81 160 188 
2228 12 9 61 118 198 200 216 217 222 227 235 
2229 1 6 200 204 216 226 250 254 
2230 19 3 196 201 229 
2231 1 6 151 172 196 201 228 241 
2232 19 6 11 32 40 41 238 239 
2233 0 8 32 54 60 62 235 240 243 246 
2234 19 6 192 215 236 238 244 246 
2235 1 5 44 61 118 200 250 
2236 18 6 141 151 182 196 223 224 
2237 1 10 52 54 56 198 215 222 226 231 243 244 
2238 22 4 232 238 239 246 
2239 18 10 8 10 31 50 80 95 103 178 191 214 
2240 1 6 11 192 230 232 236 239 
2241 1 5 32 230 236 238 246 
2242 13 7 12 32 57 60 157 231 248 
2243 1 3 151 172 229 
2244 1 4 164 174 176 252 
2245 22 4 231 235 244 246 
2246 22 5 215 232 235 243 246 
2247 19 7 87 104 121 154 158 160 163 
2248 22 7 32 231 232 236 239 243 244 
2249 19 4 34 98 109 113 
2250 22 7 3 6 57 58 62 157 240 
2251 1 4 44 46 250 254 
2252 9 6 44 200 227 233 249 254 
2253 0 6 69 116 166 185 205 256 
2254 0 7 64 65 88 138 164 174 242 
2255 1 5 63 100 119 152 186 
2256 1 5 25 204 227 249 250 
2257 1 5 136 148 175 177 199 
2258 1 6 66 173 182 185 205 251 
3 5 440
2259 22 2 1 2
2260 22 2 0 2
2261 22 2 0 1
3 5 441
2262 19 2 1 2
2263 19 2 0 2
2264 22 2 0 1
23 9 442
2265 22 5 1 4 10 15 20 
2266 22 4 0 3 10 20 
2267 19 5 3 5 10 14 18 
2268 0 5 1 2 10 14 20 
2269 22 3 0 15 20 
2270 1 5 2 7 14 16 18 
2271 22 4 12 13 17 19 
2272 0 4 5 14 16 20 
2273 22 6 9 10 11 18 21 22 
2274 22 4 8 11 13 18 
2275 7 8 0 1 2 3 8 15 18 21 
2276 22 6 8 9 12 13 17 22 
2277 19 5 6 11 17 21 22 
2278 10 7 6 9 11 16 17 18 19 
2279 22 5 2 3 5 7 20 
2280 7 4 0 4 10 21 
2281 22 5 5 7 13 18 19 
2282 19 4 6 11 12 13 
2283 13 7 2 5 8 9 10 13 16 
2284 22 3 6 13 16 
2285 19 6 0 1 3 4 7 14 
2286 19 5 8 10 12 15 22 
2287 0 4 8 11 12 21 
1 5 443
2288 22 1 0
1 5 444
2289 14 1 0
2 5 445
2290 22 1 1
2291 19 1 0
3 5 449
2292 19 2 1 2
2293 22 2 0 2
2294 22 2 0 1
13 9 45
2295 18 4 2 3 5 12 
2296 18 3 4 10 11 
2297 7 5 0 3 4 5 6 
2298 7 4 0 2 6 12 
2299 2 6 1 2 5 8 9 11 
2300 18 5 0 2 4 9 12 
2301 7 2 2 3 
2302 18 3 8 11 12 
2303 18 5 4 7 9 11 12 
2304 18 4 4 5 8 12 
2305 18 2 1 11 
2306 18 5 1 4 7 8 10 
2307 18 6 0 3 5 7 8 9 
4 9 450
2308 9 3 1 2 3
2309 7 3 0 2 3
2310 7 3 0 1 3
2311 7 3 0 1 2
3 5 451
2312 22 2 1 2
2313 22 2 0 2
2314 19 2 0 1
1 5 453
2315 22 1 0
2 5 454
2316 19 1 1
2317 0 1 0
13 5 455
2318 1 8 1 2 3 4 6 8 9 12 
2319 19 5 0 2 5 10 12 
2320 19 5 0 1 6 10 11 
2321 1 6 0 4 6 7 8 9 
2322 13 3 0 3 8 
2323 1 4 1 9 10 12 
2324 22 5 0 2 3 7 11 
2325 22 3 3 6 11 
2326 0 4 0 3 4 9 
2327 22 5 0 3 5 8 12 
2328 1 4 1 2 5 11 
2329 0 4 2 6 7 10 
2330 22 4 0 1 5 9 
4 5 456
2331 22 3 1 2 3
2332 19 3 0 2 3
2333 22 3 0 1 3
2334 19 3 0 1 2
3 3 457
2335 0 2 1 2
2336 0 2 0 2
2337 0 2 0 1
3 5 459
2338 0 2 1 2
2339 22 2 0 2
2340 0 2 0 1
3 5 463
2341 19 2 1 2
2342 22 2 0 2
2343 19 2 0 1
2 5 465
2344 22 1 1
2345 13 1 0
6 5 466
2346 1 4 1 3 4 5 
2347 1 4 0 2 4 5 
2348 22 2 1 4 
2349 1 3 0 4 5 
2350 0 4 0 1 2 3 
2351 0 3 0 1 3 
4 5 467
2352 19 3 1 2 3
2353 22 3 0 2 3
2354 22 3 0 1 3
2355 9 3 0 1 2
30 5 468
2356 22 3 1 13 28 
2357 14 3 0 13 29 
2358 22 7 4 5 13 18 22 26 28 
2359 19 6 7 11 14 20 26 29 
2360 19 3 2 5 28 
2361 19 5 2 4 18 24 27 
2362 19 5 8 10 16 21 25 
2363 22 7 3 9 14 15 22 23 26 
2364 1 4 6 10 16 27 
2365 22 7 7 11 12 16 17 22 23 
2366 0 5 6 8 19 21 27 
2367 1 6 3 9 17 20 23 29 
2368 22 4 9 16 22 25 
2369 22 6 0 1 2 26 28 29 
2370 12 5 3 7 15 20 23 
2371 1 3 7 14 23 
2372 1 6 6 8 9 12 17 25 
2373 22 3 9 11 16 
2374 1 5 2 5 22 24 25 
2375 1 5 10 21 24 25 27 
2376 0 4 3 11 14 23 
2377 5 4 6 10 19 25 
2378 1 7 2 7 9 12 18 25 26 
2379 1 6 7 9 11 14 15 20 
2380 1 5 5 18 19 25 27 
2381 22 8 6 12 16 18 19 21 22 24 
2382 19 6 2 3 7 13 22 29 
2383 1 5 5 8 10 19 24 
2384 0 4 0 2 4 13 
2385 1 5 1 3 11 13 26 
3 5 469
2386 22 2 1 2
2387 22 2 0 2
2388 22 2 0 1
3 5 470
2389 9 2 1 2
2390 19 2 0 2
2391 22 2 0 1
3 5 471
2392 19 2 1 2
2393 0 2 0 2
2394 22 2 0 1
3 5 474
2399 22 2 1 2
2400 22 2 0 2
2401 14 2 0 1
7 5 478
2402 18 4 2 3 4 5 
2403 22 4 2 3 4 6 
2404 1 5 0 1 3 4 6 
2405 22 5 0 1 2 4 5 
2406 1 6 0 1 2 3 5 6 
2407 1 3 0 3 4 
2408 22 3 1 2 4 
2 8 48
2409 3 1 1
2410 4 1 0
7 5 480
2411 0 5 1 2 3 4 6 
2412 22 4 0 3 5 6 
2413 22 4 0 4 5 6 
2414 22 4 0 1 4 5 
2415 1 3 0 2 3 
2416 1 4 1 2 3 6 
2417 19 4 0 1 2 5 
10 1 482
2420 22 4 1 3 4 9 
2421 22 6 0 3 4 7 8 9 
2422 22 4 4 7 8 9 
2423 22 3 0 1 9 
2424 1 5 0 1 2 7 9 
2425 22 2 6 9 
2426 13 3 5 8 9 
2427 1 4 1 2 4 8 
2428 22 5 1 2 6 7 9 
2429 13 8 0 1 2 3 4 5 6 8 
28 5 483
2430 22 5 11 21 22 23 24 
2431 22 6 10 11 15 19 24 26 
2432 18 5 8 9 15 24 27 
2433 13 5 7 8 9 17 25 
2434 22 7 5 6 7 12 13 18 25 
2435 22 6 4 6 12 13 19 21 
2436 22 5 4 5 16 19 25 
2437 13 5 3 4 9 18 25 
2438 22 6 2 3 9 10 15 17 
2439 1 7 2 3 7 8 18 23 27 
2440 22 7 1 8 14 15 16 17 19 
2441 22 5 0 1 19 22 24 
2442 19 3 4 5 13 
2443 22 6 4 5 12 18 20 21 
2444 22 4 10 16 17 25 
2445 22 6 1 2 8 10 24 26 
2446 22 5 6 10 14 19 25 
2447 22 5 3 8 10 14 25 
2448 22 5 4 7 9 13 20 
2449 22 8 1 5 6 10 11 16 21 22 
2450 19 2 13 18 
2451 22 5 0 5 13 19 22 
2452 22 4 0 11 19 21 
2453 22 4 0 9 24 27 
2454 22 8 0 1 2 11 15 23 26 27 
2455 22 7 3 4 6 7 14 16 17 
2456 22 3 1 15 24 
2457 14 4 2 9 23 24 
3 5 485
2458 19 2 1 2
2459 22 2 0 2
2460 19 2 0 1
13 1 487
2467 19 4 1 2 4 8 
2468 19 4 0 2 4 10 
2469 19 5 0 1 7 8 11 
2470 22 6 5 7 8 9 11 12 
2471 12 5 0 1 6 8 10 
2472 19 3 3 8 11 
2473 10 3 4 8 10 
2474 0 4 2 3 11 12 
2475 19 9 0 2 3 4 5 6 9 10 11 
2476 13 3 3 8 10 
2477 1 5 1 4 6 8 9 
2478 19 5 2 3 5 7 8 
2479 10 2 3 7 
6 5 489
2493 19 5 1 2 3 4 5 
2494 19 3 0 4 5 
2495 19 3 0 3 5 
2496 22 4 0 2 4 5 
2497 19 3 0 1 3 
2498 22 4 0 1 2 3 
1 16 49
2499 18 1 0
8 5 490
2500 4 3 1 2 3 
2501 22 5 0 2 3 5 7 
2502 22 3 0 1 5 
2503 22 4 0 1 6 7 
2504 19 2 6 7 
2505 22 3 1 2 7 
2506 22 3 3 4 7 
2507 22 5 1 3 4 5 6 
18 5 491
2508 1 5 4 9 11 12 17 
2509 1 7 2 3 7 8 11 13 16 
2510 0 4 1 3 6 14 
2511 18 4 1 2 6 8 
2512 12 4 0 5 12 17 
2513 22 7 4 6 10 12 13 14 17 
2514 18 6 2 3 5 8 13 14 
2515 18 5 1 10 11 12 16 
2516 22 4 1 3 6 13 
2517 0 2 0 11 
2518 19 6 5 7 12 13 15 16 
2519 1 5 0 1 7 9 12 
2520 0 6 0 4 5 7 10 11 
2521 19 7 1 5 6 8 10 15 16 
2522 22 4 2 5 6 17 
2523 18 3 10 13 16 
2524 1 5 1 7 10 13 15 
2525 22 4 0 4 5 14 
11 5 494
2530 1 4 5 6 8 10 
2531 19 8 2 3 4 5 6 7 9 10 
2532 5 4 1 3 8 9 
2533 1 4 1 2 6 8 
2534 1 4 1 7 8 9 
2535 19 5 0 1 7 8 10 
2536 18 4 0 1 3 10 
2537 22 4 1 4 5 8 
2538 19 7 0 2 3 4 5 7 9 
2539 14 4 1 2 4 8 
2540 18 4 0 1 5 6 
9 5 495
2541 19 2 5 8 
2542 0 3 2 3 7 
2543 22 4 1 3 4 7 
2544 18 4 1 2 4 6 
2545 1 5 2 3 5 6 7 
2546 19 5 0 4 6 7 8 
2547 1 4 3 4 5 8 
2548 22 4 1 2 4 5 
2549 10 3 0 5 6 
8 5 496
2550 22 4 3 4 5 7 
2551 22 3 3 6 7 
2552 19 3 3 4 6 
2553 22 5 0 1 2 4 7 
2554 0 5 0 2 3 5 6 
2555 22 4 0 4 6 7 
2556 22 5 1 2 4 5 7 
2557 22 5 0 1 3 5 6 
146 10 497
2558 22 6 4 39 110 111 115 141 
2559 0 7 2 4 114 119 141 142 143 
2560 9 7 1 3 4 35 37 115 143 
2561 18 4 2 54 76 143 
2562 22 6 0 1 2 114 115 141 
2563 22 4 9 10 23 27 
2564 22 4 15 20 26 33 
2565 12 8 14 29 31 56 61 62 140 145 
2566 19 4 14 21 25 29 
2567 1 7 5 22 23 27 29 102 104 
2568 19 5 5 17 23 27 104 
2569 19 6 16 17 18 30 32 35 
2570 1 5 16 17 23 32 34 
2571 19 6 21 22 23 25 34 145 
2572 19 5 7 8 25 29 145 
2573 19 5 6 19 26 31 33 
2574 19 4 11 12 17 32 
2575 1 6 10 11 12 16 23 104 
2576 22 6 11 20 28 30 33 35 
2577 1 6 15 24 26 31 36 108 
2578 1 6 6 18 26 28 33 36 
2579 4 5 8 13 22 25 29 
2580 1 5 9 13 21 23 29 
2581 5 8 5 9 10 12 13 17 22 34 
2582 22 4 19 31 62 108 
2583 22 5 8 13 14 21 145 
2584 1 5 6 15 19 20 36 
2585 22 4 5 9 10 104 
2586 12 4 18 20 35 36 
2587 1 10 7 8 9 14 21 22 56 95 102 118 
2588 22 5 11 18 32 33 34 
2589 0 8 7 15 19 24 33 34 62 145 
2590 22 5 11 12 16 30 34 
2591 22 7 6 15 18 20 30 31 34 
2592 18 8 12 13 23 30 31 32 33 145 
2593 22 6 2 11 18 28 36 37 
2594 18 8 19 20 26 28 35 37 107 108 
2595 22 7 2 35 36 91 107 115 116 
2596 1 7 44 47 52 57 99 103 117 
2597 22 5 0 91 110 115 116 
2598 22 7 41 82 84 86 87 88 89 
2599 22 7 40 60 61 65 88 89 90 
2600 22 5 43 46 48 53 58 
2601 19 4 42 44 46 53 
2602 22 9 38 43 46 47 49 51 53 57 59 
2603 1 3 47 50 52 
2604 1 5 42 43 44 48 49 
2605 19 6 38 44 45 50 51 52 
2606 22 5 42 46 49 50 51 
2607 22 4 44 46 48 51 
2608 22 8 45 47 48 51 52 104 106 117 
2609 22 5 44 47 48 49 50 
2610 22 5 38 45 47 50 117 
2611 18 6 42 43 44 55 58 59 
2612 12 15 3 64 72 74 75 76 78 93 120 123 128 129 131 137 143 
2613 18 3 53 58 59 
2614 18 10 7 29 57 60 61 95 96 97 99 105 
2615 1 7 38 44 56 59 60 90 99 
2616 1 7 42 53 55 59 63 67 71 
2617 22 7 44 53 55 57 58 63 90 
2618 1 5 41 56 57 61 90 
2619 22 8 7 41 56 60 65 66 139 140 
2620 18 5 7 24 31 108 140 
2621 22 7 58 59 67 84 86 87 90 
2622 1 4 54 93 124 128 
2623 22 4 41 61 66 89 
2624 14 4 61 65 89 139 
2625 22 7 58 63 69 71 73 80 84 
2626 1 4 70 71 75 76 
2627 19 5 67 73 77 80 85 
2628 19 6 68 71 72 73 75 77 
2629 14 6 58 67 68 70 73 76 
2630 22 5 54 70 74 75 77 
2631 22 5 67 69 70 71 77 
2632 22 4 54 72 77 78 
2633 22 5 54 68 70 72 76 
2634 22 5 3 54 68 71 75 
2635 18 9 69 70 72 73 74 78 79 82 85 
2636 1 6 54 74 77 79 83 129 
2637 1 6 77 78 81 82 83 89 
2638 18 4 67 69 84 85 
2639 13 6 79 83 89 92 129 139 
2640 22 6 40 77 79 84 85 89 
2641 22 4 78 79 81 129 
2642 22 7 40 63 67 80 82 85 87 
2643 18 5 69 77 80 82 84 
2644 0 5 40 63 87 88 90 
2645 1 4 40 63 84 86 
2646 2 4 40 41 86 90 
2647 22 8 40 41 65 66 79 81 82 139 
2648 22 7 41 57 59 60 63 86 88 
2649 12 4 37 39 115 116 
2650 19 5 81 124 129 139 144 
2651 0 4 54 64 124 129 
2652 1 4 98 100 101 118 
2653 0 5 29 56 97 101 118 
2654 1 4 56 97 101 105 
2655 1 4 56 95 96 101 
2656 1 5 94 100 101 105 106 
2657 1 6 38 56 57 103 105 106 
2658 1 6 94 98 102 104 106 118 
2659 22 7 94 95 96 97 98 105 118 
2660 1 5 9 29 100 104 118 
2661 22 4 38 99 106 117 
2662 22 8 9 10 17 27 50 100 102 106 
2663 1 6 56 96 98 99 101 106 
2664 22 8 50 98 99 100 103 104 105 117 
2665 19 7 36 37 108 109 110 112 116 
2666 19 9 19 24 36 62 107 109 113 136 140 
2667 22 5 107 108 111 112 113 
2668 10 6 0 39 107 111 112 116 
2669 18 8 0 109 110 112 113 131 138 141 
2670 22 4 107 109 110 111 
2671 12 5 108 109 111 136 138 
2672 1 3 1 4 141 
2673 19 6 0 2 4 37 39 91 
2674 19 5 37 39 91 107 110 
2675 19 5 38 50 52 103 106 
2676 0 6 29 94 95 100 101 102 
2677 22 4 1 120 142 143 
2678 0 6 54 119 131 141 142 143 
2679 19 4 125 131 135 137 
2680 10 5 130 131 134 135 138 
2681 19 4 54 128 132 137 
2682 19 9 64 92 93 126 127 128 129 132 144 
2683 19 5 121 130 133 135 137 
2684 19 5 124 127 130 132 133 
2685 19 5 124 126 130 134 144 
2686 19 5 54 64 123 124 132 
2687 18 7 54 78 81 83 92 93 124 
2688 1 7 122 125 126 127 133 134 135 
2689 10 9 54 111 120 121 122 135 137 138 141 
2690 19 6 123 124 126 128 133 137 
2691 10 5 125 126 130 132 137 
2692 19 8 122 127 130 136 138 139 140 144 
2693 1 5 121 122 125 130 131 
2694 1 5 108 113 134 138 140 
2695 10 7 54 121 123 125 131 132 133 
2696 0 6 111 113 122 131 134 136 
2697 9 8 61 66 81 89 92 134 140 144 
2698 18 7 7 61 62 108 134 136 139 
2699 19 8 0 1 4 111 114 120 131 142 
2700 22 4 1 119 120 141 
2701 1 6 1 2 3 54 119 120 
2702 10 5 92 124 127 134 139 
2703 1 6 7 13 14 25 31 34 
1 5 499
2704 1 1 0
4 9 5
2705 7 3 1 2 3
2706 22 3 0 2 3
2707 1 3 0 1 3
2708 22 3 0 1 2
8 5 501
2709 22 6 1 2 3 4 6 7 
2710 19 3 0 2 3 
2711 19 5 0 1 3 5 7 
2712 19 5 0 1 2 4 5 
2713 13 3 0 3 6 
2714 22 3 2 3 7 
2715 19 3 0 4 7 
2716 19 4 0 2 5 6 
1 9 504
2756 7 1 0
20 5 506
2762 19 4 5 9 14 18 
2763 7 5 4 5 9 14 19 
2764 18 4 7 8 10 18 
2765 22 5 7 11 12 15 17 
2766 0 8 1 7 9 10 16 17 18 19 
2767 9 6 0 1 6 13 14 19 
2768 1 5 5 13 15 16 19 
2769 1 7 2 3 4 8 10 12 17 
2770 19 4 2 7 12 18 
2771 22 5 0 1 4 14 18 
2772 19 4 2 4 7 18 
2773 22 4 3 15 16 17 
2774 19 3 3 7 8 
2775 19 3 5 6 15 
2776 22 4 0 1 5 9 
2777 19 5 3 6 11 13 16 
2778 18 6 4 6 11 15 17 19 
2779 19 5 3 4 7 11 16 
2780 9 6 0 2 4 8 9 10 
2781 22 5 1 4 5 6 16 
2 5 507
2782 14 1 1
2783 22 1 0
8 5 508
2784 0 3 3 4 5 
2785 22 4 2 4 5 6 
2786 22 4 1 3 5 6 
2787 0 4 0 2 5 6 
2788 22 3 0 1 5 
2789 22 5 0 1 2 3 4 
2790 19 3 1 2 3 
2791 19 0 
12 3 511
2808 18 6 1 3 7 9 10 11 
2809 19 5 0 4 6 10 11 
2810 19 5 4 5 6 8 9 
2811 9 5 0 5 7 8 9 
2812 19 3 1 2 6 
2813 22 3 2 3 8 
2814 22 5 1 2 4 9 10 
2815 19 3 0 3 11 
2816 19 4 2 3 5 9 
2817 22 6 0 2 3 6 8 10 
2818 22 4 0 1 6 9 
2819 1 3 0 1 7 
9 5 512
2820 22 5 1 2 3 5 6 
2821 22 6 0 2 4 6 7 8 
2822 22 4 0 1 4 5 
2823 22 4 0 5 6 7 
2824 22 3 1 2 8 
2825 19 4 0 2 3 7 
2826 22 4 0 1 3 7 
2827 22 4 1 3 5 6 
2828 19 2 1 4 
18 3 513
2829 22 4 1 2 3 8 
2830 1 6 0 2 5 6 7 8 
2831 1 5 0 1 3 6 13 
2832 22 6 0 2 4 8 10 13 
2833 22 7 3 10 12 13 14 15 17 
2834 2 4 1 6 7 11 
2835 19 5 1 2 5 11 13 
2836 22 7 1 5 8 9 11 12 17 
2837 0 6 0 1 3 7 10 17 
2838 19 2 7 11 
2839 22 4 3 4 8 17 
2840 22 4 5 6 7 9 
2841 0 5 4 7 15 16 17 
2842 0 6 2 3 4 6 14 16 
2843 19 4 4 13 15 16 
2844 4 4 4 12 14 16 
2845 1 4 12 13 14 15 
2846 1 5 4 7 8 10 12 
2 3 514
2847 0 1 1
2848 9 1 0
31 3 515
2849 1 6 3 10 13 14 18 22 
2850 19 4 7 8 9 27 
2851 0 7 6 11 12 15 18 23 25 
2852 4 8 0 5 10 22 24 26 29 30 
2853 0 5 6 8 9 29 30 
2854 1 5 3 13 17 22 26 
2855 22 5 2 4 8 23 29 
2856 1 4 1 9 27 30 
2857 19 7 1 4 6 9 19 27 28 
2858 1 5 1 4 7 8 30 
2859 22 5 0 3 12 18 24 
2860 22 4 2 14 18 25 
2861 19 5 2 10 15 18 24 
2862 22 6 0 5 14 16 21 22 
2863 22 6 0 11 13 18 21 25 
2864 10 5 2 12 23 24 29 
2865 1 3 13 21 25 
2866 0 4 5 19 20 26 
2867 1 6 0 2 10 11 12 14 
2868 19 6 8 17 20 26 27 28 
2869 18 3 17 19 28 
2870 22 4 13 14 16 25 
2871 18 4 0 3 5 13 
2872 19 4 2 6 15 29 
2873 19 5 3 10 12 15 29 
2874 19 5 2 11 14 16 21 
2875 22 6 3 5 17 19 27 30 
2876 22 6 1 7 8 19 26 30 
2877 22 3 8 19 20 
2878 19 7 3 4 6 15 23 24 30 
2879 19 7 3 4 7 9 26 27 29 
7 7 518
2889 22 3 1 3 4 
2890 22 2 0 3 
2891 1 4 3 4 5 6 
2892 22 6 0 1 2 4 5 6 
2893 22 5 0 2 3 5 6 
2894 1 3 2 3 4 
2895 1 3 2 3 4 
5 5 522
2931 19 3 2 3 4 
2932 22 3 2 3 4 
2933 9 3 0 1 3 
2934 0 4 0 1 2 4 
2935 18 3 0 1 3 
6 14 523
2936 22 3 1 3 5 
2937 18 5 0 2 3 4 5 
2938 1 4 1 3 4 5 
2939 1 4 0 1 2 5 
2940 19 2 1 2 
2941 22 4 0 1 2 3 
4 1 525
2947 13 3 1 2 3
2948 13 3 0 2 3
2949 19 3 0 1 3
2950 7 3 0 1 2
1 1 528
2965 13 1 0
13 3 530
2966 19 5 1 3 7 10 11 
2967 22 3 0 3 11 
2968 22 4 7 9 10 12 
2969 22 6 0 1 4 8 10 11 
2970 22 5 3 5 8 9 10 
2971 19 4 4 6 9 12 
2972 22 3 5 9 12 
2973 19 5 0 2 9 10 11 
2974 19 4 3 4 9 11 
2975 19 8 2 4 5 6 7 8 11 12 
2976 19 5 0 2 3 4 7 
2977 19 6 0 1 3 7 8 9 
2978 19 4 2 5 6 9 
7 5 534
2984 19 4 1 3 4 6 
2985 22 4 0 2 3 4 
2986 22 4 1 3 4 5 
2987 14 4 0 1 2 5 
2988 22 5 0 1 2 5 6 
2989 6 3 2 3 4 
2990 12 2 0 4 
5 5 536
3021 22 3 2 3 4 
3022 22 2 2 4 
3023 22 4 0 1 3 4 
3024 19 2 0 2 
3025 22 3 0 1 2 
14 5 539
3036 22 4 1 6 9 12 
3037 22 7 0 2 3 9 11 12 13 
3038 22 4 1 3 7 11 
3039 22 5 1 2 5 7 13 
3040 19 3 5 10 13 
3041 22 5 3 4 7 10 13 
3042 22 5 0 7 9 11 12 
3043 22 7 2 3 5 6 8 10 11 
3044 22 3 7 10 13 
3045 1 4 0 1 6 13 
3046 1 5 4 5 7 8 13 
3047 1 5 1 2 6 7 12 
3048 22 4 0 1 6 11 
3049 22 7 1 3 4 5 8 9 10 
6 8 54
3050 22 2 3 5 
3051 1 3 2 3 4 
3052 1 3 1 4 5 
3053 1 4 0 1 4 5 
3054 1 4 1 2 3 5 
3055 1 4 0 2 3 4 
12 3 540
3056 19 4 1 4 8 11 
3057 19 4 0 8 9 11 
3058 19 3 3 5 8 
3059 19 6 2 4 5 6 7 10 
3060 19 5 0 3 6 8 11 
3061 22 4 2 3 8 10 
3062 9 4 3 4 7 8 
3063 1 4 3 6 8 10 
3064 13 9 0 1 2 4 5 6 7 9 10 
3065 22 3 1 8 11 
3066 22 4 3 5 7 8 
3067 22 4 0 1 4 9 
3 5 551
3099 19 2 1 2
3100 13 2 0 2
3101 14 2 0 1
4 9 553
3103 7 3 1 2 3
3104 1 3 0 2 3
3105 1 3 0 1 3
3106 1 3 0 1 2
1 5 554
3107 22 1 0
12 3 557
3115 22 6 2 3 4 6 8 10 
3116 19 4 2 6 7 11 
3117 19 5 0 1 6 7 8 
3118 19 4 0 4 9 10 
3119 19 4 0 3 8 9 
3120 19 2 9 10 
3121 19 4 0 1 2 10 
3122 19 4 1 2 8 11 
3123 19 5 0 2 4 7 11 
3124 19 4 3 4 5 10 
3125 19 5 0 3 5 6 9 
3126 1 3 1 7 8 
5 5 560
3132 1 4 1 2 3 4 
3133 9 3 0 3 4 
3134 13 3 0 3 4 
3135 9 4 0 1 2 4 
3136 22 4 0 1 2 3 
2 5 568
3165 1 1 1
3166 22 1 0
12 3 57
3167 1 5 4 5 7 8 9 
3168 1 4 2 4 9 10 
3169 1 4 1 9 10 11 
3170 1 0 
3171 1 5 0 1 9 10 11 
3172 19 2 0 8 
3173 1 4 7 8 9 11 
3174 6 4 0 6 8 9 
3175 1 4 0 5 6 7 
3176 1 7 0 1 2 4 6 7 11 
3177 0 4 1 2 4 11 
3178 1 5 2 4 6 9 10 
3 5 571
3183 22 2 1 2
3184 22 2 0 2
3185 22 2 0 1
2 7 573
3186 19 1 1
3187 10 1 0
1 5 574
3188 22 1 0
5 7 575
3189 19 4 1 2 3 4 
3190 10 3 0 2 4 
3191 19 3 0 1 3 
3192 19 2 0 2 
3193 22 2 0 1 
5 5 576
3194 1 2 3 4 
3195 0 2 2 3 
3196 1 3 1 3 4 
3197 19 4 0 1 2 4 
3198 1 3 0 2 3 
1 5 579
3210 18 1 0
2 5 580
3211 22 1 1
3212 22 1 0
4 5 582
3213 1 3 1 2 3
3214 22 3 0 2 3
3215 22 3 0 1 3
3216 19 3 0 1 2
2 3 586
3297 19 1 1
3298 19 1 0
23 3 591
3310 22 5 1 8 17 18 20 
3311 19 4 0 6 18 20 
3312 0 6 10 12 15 16 19 22 
3313 1 4 7 9 11 13 
3314 19 4 5 6 10 15 
3315 1 4 4 6 15 18 
3316 12 7 1 4 5 10 17 18 20 
3317 4 5 3 10 11 13 14 
3318 22 6 0 16 17 18 19 22 
3319 1 4 3 11 13 21 
3320 0 7 2 4 6 7 12 13 15 
3321 19 5 3 7 9 14 21 
3322 19 5 2 10 13 16 21 
3323 0 6 3 7 9 10 12 21 
3324 0 4 7 11 16 21 
3325 19 6 2 4 5 10 18 19 
3326 22 7 2 8 12 14 17 21 22 
3327 22 5 0 6 8 16 20 
3328 1 7 0 1 5 6 8 15 19 
3329 1 5 2 8 15 18 22 
3330 1 4 0 1 6 17 
3331 22 6 9 11 12 13 14 16 
3332 19 4 2 8 16 19 
5 5 592
3333 1 3 2 3 4 
3334 22 2 2 3 
3335 1 4 0 1 3 4 
3336 1 4 0 1 2 4 
3337 1 3 0 2 3 
36 6 593
3338 13 8 4 13 16 26 29 30 31 34 
3339 1 4 5 8 12 14 
3340 1 4 3 6 10 11 
3341 12 8 2 5 6 8 11 12 30 32 
3342 22 5 0 7 15 30 34 
3343 18 4 1 3 8 12 
3344 1 8 2 3 8 9 10 14 19 25 
3345 14 3 4 15 34 
3346 12 5 1 3 5 6 14 
3347 1 6 6 10 11 24 25 35 
3348 1 4 2 6 9 11 
3349 1 4 2 3 9 10 
3350 18 8 1 3 5 14 15 26 30 34 
3351 22 4 0 29 31 33 
3352 19 7 1 6 8 12 16 19 26 
3353 18 5 4 7 12 30 34 
3354 19 6 0 14 19 21 26 29 
3355 0 6 20 22 23 27 28 29 
3356 0 4 19 21 22 25 
3357 19 6 6 14 16 18 21 25 
3358 1 4 17 23 29 35 
3359 4 5 16 18 19 22 29 
3360 1 7 17 18 21 24 25 27 29 
3361 1 5 17 20 24 28 35 
3362 22 7 9 22 23 25 27 28 35 
3363 22 6 6 9 18 19 22 24 
3364 22 5 0 12 14 16 34 
3365 22 4 17 22 24 28 
3366 5 4 17 23 24 27 
3367 18 8 0 13 16 17 20 21 22 35 
3368 22 7 0 3 4 12 15 31 32 
3369 18 5 0 13 30 32 33 
3370 8 4 3 30 31 33 
3371 12 3 13 31 32 
3372 18 6 0 4 7 12 15 26 
3373 18 5 9 20 23 24 29 
35 1 595
3380 0 4 1 2 13 20 
3381 1 6 0 2 3 5 20 23 
3382 22 4 0 1 3 13 
3383 18 8 1 2 5 13 17 25 28 29 
3384 1 5 16 20 26 33 34 
3385 19 6 1 3 23 24 29 31 
3386 22 5 7 8 9 10 21 
3387 10 5 6 8 9 15 16 
3388 19 4 6 7 15 18 
3389 13 7 6 7 16 21 27 29 31 
3390 19 6 6 11 12 14 21 32 
3391 18 6 10 12 14 17 21 29 
3392 22 3 10 11 21 
3393 1 4 0 2 3 20 
3394 19 6 10 11 17 25 28 32 
3395 1 7 7 8 16 18 22 26 33 
3396 1 8 4 7 9 15 27 30 33 34 
3397 19 5 3 11 14 25 29 
3398 1 5 8 15 19 20 22 
3399 1 4 18 20 22 26 
3400 1 9 0 1 4 13 18 19 23 26 34 
3401 1 6 6 9 10 11 12 29 
3402 1 4 15 18 19 26 
3403 1 6 1 5 20 24 30 34 
3404 22 5 5 23 27 30 31 
3405 10 4 3 14 17 28 
3406 1 6 4 15 19 20 22 33 
3407 19 5 9 16 24 30 31 
3408 1 4 3 14 25 32 
3409 1 7 3 5 9 11 17 21 31 
3410 0 5 16 23 24 27 34 
3411 1 5 5 9 24 27 29 
3412 19 3 10 14 28 
3413 1 4 4 15 16 26 
3414 1 5 4 16 20 23 30 
2 5 596
3415 22 1 1
3416 22 1 0
11 5 599
3418 1 5 2 3 5 7 10 
3419 22 3 8 9 10 
3420 1 6 0 4 5 6 7 8 
3421 1 4 0 5 9 10 
3422 22 3 2 6 7 
3423 1 5 0 2 3 8 9 
3424 1 3 2 4 7 
3425 1 4 0 2 4 6 
3426 18 4 1 2 5 9 
3427 19 5 1 3 5 8 10 
3428 19 4 0 1 3 9 
18 8 60
3429 1 4 1 7 12 16 
3430 1 5 0 5 7 9 13 
3431 1 7 6 8 10 12 14 15 16 
3432 1 5 5 8 9 13 17 
3433 1 3 10 11 17 
3434 4 4 1 3 9 13 
3435 4 5 2 7 9 14 15 
3436 1 6 0 1 6 9 14 16 
3437 1 7 2 3 9 10 11 15 17 
3438 1 7 1 3 5 6 7 8 15 
3439 19 6 2 4 8 11 13 17 
3440 1 4 4 8 10 17 
3441 0 3 0 2 16 
3442 4 5 1 3 5 10 17 
3443 1 4 2 6 7 16 
3444 1 4 2 6 8 9 
3445 1 5 0 2 7 12 14 
3446 0 6 3 4 8 10 11 13 
3 5 600
3447 9 2 1 2
3448 18 2 0 2
3449 9 2 0 1
2 5 602
3450 22 1 1
3451 22 1 0
18 10 604
3462 19 6 1 3 4 5 11 12 
3463 19 7 0 2 3 7 11 13 16 
3464 19 5 1 7 10 16 17 
3465 19 4 0 1 6 12 
3466 19 5 0 5 8 11 14 
3467 19 5 0 4 6 8 12 
3468 0 5 3 5 8 9 12 
3469 19 4 1 2 13 17 
3470 1 6 4 5 6 9 14 15 
3471 19 5 6 8 10 15 16 
3472 2 6 2 9 13 15 16 17 
3473 1 6 0 1 4 13 14 15 
3474 0 4 0 3 5 6 
3475 10 6 1 7 10 11 15 17 
3476 19 4 4 8 11 15 
3477 19 6 8 9 10 11 13 14 
3478 10 4 1 2 9 10 
3479 19 4 2 7 10 13 
13 8 61
3510 1 6 1 2 4 6 8 9 
3511 1 4 0 6 9 12 
3512 4 5 0 5 6 8 11 
3513 1 5 4 5 8 10 11 
3514 1 4 0 3 8 9 
3515 1 6 2 3 6 10 11 12 
3516 1 5 0 1 2 5 12 
3517 4 2 10 12 
3518 1 5 0 2 3 4 11 
3519 1 4 0 1 4 12 
3520 1 4 3 5 7 12 
3521 1 4 2 3 5 8 
3522 1 6 1 5 6 7 9 10 
4 5 613
3559 22 3 1 2 3
3560 19 3 0 2 3
3561 9 3 0 1 3
3562 1 3 0 1 2
9 5 615
3563 1 5 3 4 6 7 8 
3564 13 2 2 7 
3565 22 3 1 4 7 
3566 22 4 0 5 6 7 
3567 22 5 0 2 5 6 7 
3568 22 4 3 4 6 7 
3569 22 4 0 3 4 5 
3570 22 7 0 1 2 3 4 5 8 
3571 22 2 0 7 
4 5 616
3572 19 3 1 2 3
3573 19 3 0 2 3
3574 19 3 0 1 3
3575 19 3 0 1 2
2 1 618
3597 13 1 1
3598 22 1 0
3 5 620
3609 1 2 1 2
3610 14 2 0 2
3611 1 2 0 1
8 5 622
3612 4 4 4 5 6 7 
3613 22 4 2 3 5 6 
3614 1 2 1 6 
3615 4 4 1 5 6 7 
3616 22 2 0 6 
3617 0 4 0 1 3 7 
3618 1 6 0 1 2 3 4 7 
3619 4 4 0 3 5 6 
1 5 624
3620 1 1 0
5 1 625
3621 9 4 1 2 3 4 
3622 0 3 0 2 3 
3623 13 4 0 1 3 4 
3624 9 4 0 1 2 4 
3625 13 3 0 2 3 
5 1 627
3626 22 4 1 2 3 4 
3627 22 2 0 2 
3628 14 3 0 1 4 
3629 13 2 0 4 
3630 22 3 0 2 3 
1 5 628
3631 22 1 0
2 5 629
3632 22 1 1
3633 22 1 0
40 8 63
3634 1 5 8 9 10 12 35 
3635 0 5 4 13 17 24 39 
3636 1 3 11 31 32 
3637 1 5 16 22 29 31 37 
3638 1 6 1 6 15 17 24 30 
3639 1 5 16 29 36 37 39 
3640 1 5 4 24 25 30 35 
3641 4 5 9 14 19 22 33 
3642 1 5 0 9 12 23 38 
3643 6 9 0 7 8 10 19 20 26 33 38 
3644 1 5 0 9 21 26 35 
3645 1 5 2 16 31 32 36 
3646 1 5 0 8 23 25 35 
3647 1 5 1 24 32 36 39 
3648 18 4 7 19 22 34 
3649 1 6 4 17 23 30 33 38 
3650 1 6 3 5 11 29 31 36 
3651 1 5 1 4 15 33 39 
3652 1 3 20 26 28 
3653 6 6 7 9 14 20 27 34 
3654 4 6 9 18 19 26 27 28 
3655 1 7 10 26 27 28 31 34 35 
3656 1 6 3 7 14 33 37 39 
3657 4 6 8 12 15 25 30 38 
3658 1 6 1 4 6 13 32 35 
3659 4 5 6 12 23 30 35 
3660 4 6 9 10 18 20 21 28 
3661 6 5 19 20 21 28 34 
3662 1 5 18 20 21 26 27 
3663 1 4 3 5 16 37 
3664 1 5 4 6 15 23 25 
3665 1 7 2 3 11 16 21 32 35 
3666 1 7 2 11 13 24 31 35 36 
3667 1 7 7 9 15 17 22 38 39 
3668 4 4 14 19 21 27 
3669 1 9 0 6 10 12 21 24 25 31 32 
3670 1 6 5 11 13 16 32 39 
3671 1 5 3 5 22 29 39 
3672 6 5 8 9 15 23 33 
3673 1 8 1 5 13 17 22 33 36 37 
1 5 631
3675 0 1 0
1 5 632
3676 22 1 0
1 1 634
3677 13 1 0
1 12 638
3678 22 1 0
1 1 648
3680 13 1 0
7 3 65
3681 6 4 3 4 5 6 
3682 0 2 5 6 
3683 1 2 4 6 
3684 1 3 0 4 6 
3685 1 5 0 2 3 5 6 
3686 1 4 0 1 4 6 
3687 1 6 0 1 2 3 4 5 
21 9 653
3706 1 6 3 5 9 11 12 14 
3707 1 6 7 9 11 15 17 19 
3708 19 3 4 8 13 
3709 1 6 0 4 12 14 18 20 
3710 7 6 2 3 10 12 13 20 
3711 4 3 0 11 12 
3712 1 5 7 15 16 18 20 
3713 1 6 1 6 8 11 15 16 
3714 1 4 2 7 13 16 
3715 19 5 0 1 11 14 17 
3716 1 3 4 13 20 
3717 1 6 0 1 5 7 9 12 
3718 22 5 0 3 4 5 11 
3719 1 6 2 4 8 10 16 20 
3720 19 6 0 3 9 17 18 19 
3721 1 5 1 6 7 18 19 
3722 1 5 6 7 8 13 20 
3723 22 4 1 9 14 19 
3724 22 6 3 6 14 15 19 20 
3725 1 5 1 14 15 17 18 
3726 19 7 3 4 6 10 13 16 18 
3 1 654
3727 14 2 1 2
3728 13 2 0 2
3729 13 2 0 1
1 1 657
3730 13 1 0
1 16 67
3735 18 1 0
1 5 674
3736 14 1 0
1 9 691
3737 7 1 0
1 5 707
3743 22 1 0
1 5 711
3747 22 1 0
1 5 712
3748 22 1 0
9 5 713
3749 22 3 1 5 6 
3750 22 3 0 5 7 
3751 9 4 3 6 7 8 
3752 22 4 2 4 6 8 
3753 22 3 3 6 8 
3754 22 4 0 1 6 7 
3755 22 6 0 2 3 4 5 7 
3756 19 4 1 2 5 6 
3757 19 3 2 3 4 
3 5 714
3758 22 2 1 2
3759 22 2 0 2
3760 22 2 0 1
2 5 716
3761 13 1 1
3762 22 1 0
5 3 73
3767 22 4 1 2 3 4 
3768 0 3 0 2 4 
3769 19 3 0 1 4 
3770 0 2 0 4 
3771 0 4 0 1 2 3 
1 9 730
3772 7 1 0
54 12 732
3773 22 3 2 3 5 
3774 19 4 8 12 14 31 
3775 22 5 0 3 16 45 46 
3776 19 5 0 2 5 45 47 
3777 1 5 10 11 13 17 21 
3778 22 8 0 3 9 15 34 47 49 50 
3779 1 5 7 11 14 31 34 
3780 19 6 6 8 11 14 35 53 
3781 19 5 1 7 12 14 35 
3782 0 4 5 15 18 50 
3783 19 4 4 13 21 44 
3784 19 9 4 6 7 13 17 34 48 51 53 
3785 12 4 1 8 31 34 
3786 1 7 4 10 11 18 44 48 50 
3787 5 5 1 6 7 8 31 
3788 1 4 5 9 18 49 
3789 1 7 2 30 36 39 40 45 46 
3790 1 6 4 11 21 28 35 53 
3791 1 7 9 13 15 48 49 50 51 
3792 4 4 27 38 46 52 
3793 0 5 24 32 33 41 43 
3794 18 6 4 10 17 28 29 44 
3795 12 4 27 32 35 42 
3796 22 4 25 37 40 44 
3797 4 6 20 26 32 33 36 42 
3798 19 5 23 29 36 40 44 
3799 0 6 24 28 29 33 36 43 
3800 1 5 19 22 35 42 52 
3801 0 6 17 21 26 29 35 43 
3802 1 6 21 25 26 28 36 44 
3803 22 4 16 38 39 46 
3804 1 5 1 6 12 14 34 
3805 1 6 20 22 24 35 41 42 
3806 1 4 20 24 26 43 
3807 18 7 5 6 11 12 31 49 51 
3808 19 10 7 8 17 22 27 28 32 41 43 53 
3809 19 9 16 24 25 26 29 39 40 42 52 
3810 1 5 23 40 44 45 47 
3811 19 5 19 30 39 46 52 
3812 19 5 16 30 36 38 52 
3813 19 6 16 23 25 36 37 45 
3814 1 4 20 32 35 43 
3815 2 6 22 24 27 32 36 52 
3816 19 6 20 26 28 33 35 41 
3817 18 9 10 13 21 23 25 29 37 47 50 
3818 11 6 2 3 16 37 40 47 
3819 18 5 2 16 19 30 38 
3820 22 6 3 5 37 44 45 50 
3821 1 4 11 13 18 51 
3822 14 5 5 15 18 34 51 
3823 1 6 5 9 13 18 44 47 
3824 22 5 11 18 34 48 49 
3825 18 6 19 27 36 38 39 42 
3826 0 4 7 11 17 35 
10 16 734
3851 19 6 1 3 5 6 7 8 
3852 1 5 0 2 3 4 6 
3853 1 5 1 3 4 7 9 
3854 1 4 0 1 2 7 
3855 1 5 1 2 5 6 9 
3856 1 4 0 4 6 9 
3857 1 4 0 1 4 5 
3858 12 5 0 2 3 8 9 
3859 19 3 0 7 9 
3860 1 5 2 4 5 7 8 
89 3 74
3861 1 4 2 7 36 60 
3862 18 6 5 54 64 74 75 80 
3863 1 4 0 7 60 82 
3864 1 4 7 8 82 88 
3865 1 5 6 8 9 83 88 
3866 1 6 1 64 65 73 74 87 
3867 19 7 4 9 14 46 81 83 84 
3868 1 7 0 2 3 8 36 81 82 
3869 22 6 3 4 7 9 81 88 
3870 1 4 4 6 8 81 
3871 18 4 25 54 69 70 
3872 0 7 23 27 41 44 47 48 52 
3873 1 4 33 37 38 84 
3874 22 5 17 31 44 45 48 
3875 22 5 6 33 40 81 84 
3876 13 5 43 51 58 71 73 
3877 22 10 17 18 19 32 35 45 49 62 79 88 
3878 22 6 13 16 29 31 35 45 
3879 18 5 16 19 62 70 85 
3880 1 4 16 18 79 85 
3881 22 5 37 38 42 43 58 
3882 9 4 24 28 30 55 
3883 0 3 26 27 30 
3884 4 9 11 26 27 29 31 52 76 77 78 
3885 1 6 21 28 37 42 55 56 
3886 4 6 10 54 59 69 80 86 
3887 1 6 22 23 27 30 55 76 
3888 1 8 11 22 23 26 30 41 50 66 
3889 1 6 21 24 30 37 66 84 
3890 1 7 17 23 31 32 35 49 78 
3891 0 7 21 22 26 27 28 55 66 
3892 1 6 13 17 23 29 44 52 
3893 22 5 16 29 49 78 79 
3894 22 6 12 14 38 40 58 84 
3895 2 6 59 61 62 63 69 72 
3896 1 4 16 17 29 49 
3897 18 7 0 7 40 60 67 73 81 
3898 19 7 12 20 24 28 38 42 84 
3899 22 5 12 20 33 37 58 
3900 1 3 46 66 84 
3901 1 6 14 33 36 58 73 81 
3902 1 4 11 27 47 50 
3903 19 5 20 24 37 43 56 
3904 22 6 15 20 42 51 56 58 
3905 1 5 11 13 31 48 52 
3906 0 7 13 16 17 47 48 50 88 
3907 13 7 6 39 50 66 83 84 88 
3908 4 5 11 41 45 48 50 
3909 1 5 11 13 44 45 47 
3910 1 4 16 29 32 35 
3911 19 7 27 41 45 46 47 66 88 
3912 22 5 15 43 53 56 71 
3913 6 4 11 23 31 44 
3914 1 4 51 56 71 77 
3915 19 7 1 10 25 64 65 70 80 
3916 22 7 21 24 26 30 56 76 77 
3917 19 7 24 42 43 51 53 55 77 
3918 0 5 61 63 67 73 74 
3919 0 7 15 20 33 38 40 43 73 
3920 0 7 25 34 61 69 75 80 86 
3921 0 6 0 2 36 63 67 82 
3922 0 7 34 57 59 63 68 74 75 
3923 0 7 16 18 34 69 70 72 88 
3924 0 7 34 57 60 61 67 72 82 
3925 0 4 1 5 54 65 
3926 0 5 5 54 64 70 87 
3927 0 7 27 28 30 39 46 50 84 
3928 0 5 36 57 60 63 73 
3929 0 3 61 74 75 
3930 9 7 10 25 34 59 62 70 86 
3931 6 7 10 18 54 62 65 69 87 
3932 1 4 15 51 53 77 
3933 0 5 34 62 63 82 88 
3934 0 9 5 15 36 40 57 58 67 74 87 
3935 0 7 1 5 57 61 68 73 75 
3936 0 6 1 59 61 68 74 80 
3937 4 4 23 26 55 77 
3938 1 7 23 53 55 56 71 76 78 
3939 4 6 23 29 32 77 79 85 
3940 1 5 16 19 32 78 85 
3941 1 5 1 25 54 59 75 
3942 18 7 6 7 8 9 14 36 40 
3943 19 7 2 3 7 60 63 72 88 
3944 0 4 4 6 46 88 
3945 1 9 6 12 14 28 33 37 39 46 66 
3946 22 4 18 19 78 79 
3947 0 3 25 59 69 
3948 0 4 5 65 70 73 
3949 1 11 3 4 8 16 45 46 50 62 72 82 83 
3 3 743
3950 18 2 1 2
3951 9 2 0 2
3952 19 2 0 1
3 16 746
3954 12 2 1 2
3955 9 2 0 2
3956 18 2 0 1
8 3 749
3957 19 4 3 5 6 7 
3958 22 3 2 3 4 
3959 22 3 1 4 5 
3960 1 5 0 1 4 6 7 
3961 17 5 1 2 3 5 6 
3962 22 4 0 2 4 6 
3963 22 5 0 3 4 5 7 
3964 19 3 0 3 6 
2 3 751
3965 9 1 1
3966 9 1 0
2 5 755
3967 0 1 1
3968 22 1 0
1 5 756
3969 22 1 0
9 5 757
3970 14 5 1 4 5 6 7 
3971 19 5 0 2 4 6 7 
3972 22 4 1 3 6 8 
3973 22 3 2 5 8 
3974 22 4 0 1 5 7 
3975 0 5 0 3 4 6 8 
3976 9 5 0 1 2 5 8 
3977 13 3 0 1 4 
3978 22 4 2 3 5 6 
7 5 759
3979 22 5 1 2 3 4 5 
3980 1 5 0 2 3 4 6 
3981 1 3 0 1 4 
3982 0 4 0 1 5 6 
3983 1 4 0 1 2 5 
3984 0 3 0 3 4 
3985 1 2 1 3 
20 3 760
3989 18 5 1 3 16 18 19 
3990 12 5 0 2 3 12 18 
3991 19 8 1 3 5 10 12 13 15 17 
3992 22 6 0 1 2 14 16 17 
3993 22 4 6 9 11 15 
3994 22 4 2 6 12 15 
3995 22 6 4 5 7 9 12 15 
3996 22 6 6 8 9 12 18 19 
3997 1 3 7 9 13 
3998 22 7 4 6 7 8 10 11 13 
3999 19 5 2 9 11 13 15 
4000 1 4 4 9 10 15 
4001 1 6 1 2 5 6 7 18 
4002 18 4 2 8 9 10 
4003 1 4 3 16 17 19 
4004 19 6 2 4 5 6 10 11 
4005 22 4 0 3 14 19 
4006 0 3 2 3 14 
4007 19 5 0 1 7 12 19 
4008 1 5 0 7 14 16 18 
10 3 763
4012 18 4 4 5 7 9 
4013 12 4 4 6 7 8 
4014 0 3 3 7 8 
4015 19 3 2 5 7 
4016 1 5 0 1 6 7 9 
4017 0 3 0 3 7 
4018 22 3 1 4 9 
4019 19 7 0 1 2 3 4 5 8 
4020 19 3 1 2 7 
4021 22 3 0 4 6 
9 3 764
4022 19 3 1 2 8 
4023 19 4 0 2 6 8 
4024 0 4 0 1 3 6 
4025 19 4 2 4 5 6 
4026 14 4 3 5 6 8 
4027 1 2 3 4 
4028 13 5 1 2 3 4 8 
4029 19 0 
4030 1 4 0 1 4 6 
10 9 766
4037 1 4 4 6 7 9 
4038 22 3 3 4 8 
4039 1 5 3 5 6 7 9 
4040 12 5 1 2 4 5 7 
4041 19 6 0 1 3 6 7 8 
4042 1 3 2 3 6 
4043 0 6 0 2 4 5 8 9 
4044 0 5 0 2 3 4 9 
4045 22 3 1 4 6 
4046 22 4 0 2 6 7 
5 3 767
4047 6 4 1 2 3 4 
4048 22 2 0 2 
4049 18 3 0 1 3 
4050 22 3 0 2 4 
4051 18 2 0 3 
4 0 768
4052 22 3 1 2 3
4053 12 3 0 2 3
4054 12 3 0 1 3
4055 8 3 0 1 2
3 3 769
4056 19 2 1 2
4057 19 2 0 2
4058 19 2 0 1
2 5 770
4060 1 1 1
4061 1 1 0
1 3 778
4062 0 1 0
1 1 796
4096 13 1 0
3 5 8
4098 9 2 1 2
4099 9 2 0 2
4100 9 2 0 1
8 3 80
4101 4 4 3 4 5 7 
4102 0 4 2 3 6 7 
4103 19 3 1 6 7 
4104 6 6 0 1 4 5 6 7 
4105 4 4 0 3 5 6 
4106 1 3 0 3 4 
4107 0 4 1 2 3 4 
4108 2 4 0 1 2 3 
1 7 805
4109 1 1 0
4 5 811
4111 19 3 1 2 3
4112 19 3 0 2 3
4113 0 3 0 1 3
4114 0 3 0 1 2
1 5 814
4115 14 1 0
3 5 817
4121 9 2 1 2
4122 0 2 0 2
4123 19 2 0 1
20 5 818
4124 22 6 1 4 6 7 10 15 
4125 14 7 0 3 6 9 10 11 18 
4126 10 3 3 9 17 
4127 10 5 1 2 9 11 17 
4128 10 7 0 8 13 14 15 16 19 
4129 19 6 6 8 12 13 14 18 
4130 19 6 0 1 5 12 15 18 
4131 19 3 0 9 10 
4132 19 7 4 5 11 13 17 18 19 
4133 14 6 1 2 3 7 10 17 
4134 22 4 0 1 7 9 
4135 19 5 1 3 8 17 18 
4136 1 5 5 6 14 15 16 
4137 4 5 4 5 8 14 19 
4138 19 5 4 5 12 13 16 
4139 19 5 0 4 6 12 16 
4140 2 4 4 12 14 15 
4141 22 5 2 3 8 9 11 
4142 19 5 1 5 6 8 11 
4143 19 3 4 8 13 
3 5 819
4144 22 2 1 2
4145 0 2 0 2
4146 18 2 0 1
3 5 820
4147 4 2 1 2
4148 1 2 0 2
4149 1 2 0 1
11 5 825
4150 22 6 1 4 5 6 9 10 
4151 19 4 0 2 4 5 
4152 22 3 1 5 6 
4153 22 3 6 7 8 
4154 19 4 0 1 7 9 
4155 19 4 0 1 2 6 
4156 22 6 0 2 3 5 8 10 
4157 0 4 3 4 8 9 
4158 22 5 3 6 7 9 10 
4159 19 5 0 4 7 8 10 
4160 22 4 0 6 8 9 
6 14 826
4161 1 3 1 3 4 
4162 19 5 0 2 3 4 5 
4163 22 3 1 3 5 
4164 6 3 0 1 2 
4165 19 3 0 1 5 
4166 1 3 1 2 4 
9 10 830
4167 18 5 4 5 6 7 8 
4168 4 2 2 4 
4169 17 5 1 3 4 6 7 
4170 17 5 2 4 5 6 8 
4171 6 5 0 1 2 3 5 
4172 1 4 0 3 4 8 
4173 17 5 0 2 3 7 8 
4174 1 3 0 2 6 
4175 17 4 0 3 5 6 
1 16 832
4176 0 1 0
1 10 834
4177 1 1 0
6 6 835
4178 18 5 1 2 3 4 5 
4179 12 3 0 2 5 
4180 12 3 0 1 4 
4181 1 3 0 4 5 
4182 4 4 0 2 3 5 
4183 1 4 0 1 3 4 
32 1 842
4184 22 5 2 5 26 28 31 
4185 22 4 9 10 25 28 
4186 22 5 0 7 26 28 29 
4187 1 7 11 12 20 22 27 29 31 
4188 22 4 7 8 10 25 
4189 22 7 0 11 13 22 28 30 31 
4190 19 4 9 11 12 30 
4191 18 6 2 4 8 21 28 29 
4192 22 4 4 7 25 28 
4193 22 5 1 6 10 28 30 
4194 22 4 1 4 9 25 
4195 18 7 3 5 6 12 13 22 30 
4196 22 8 3 6 11 16 18 19 20 23 
4197 1 3 5 11 30 
4198 18 5 15 17 20 24 29 
4199 1 6 14 16 19 21 24 29 
4200 22 5 12 15 18 19 21 
4201 22 5 14 19 20 23 24 
4202 22 3 12 16 21 
4203 22 6 12 15 16 17 23 24 
4204 22 6 3 12 14 17 23 29 
4205 22 5 7 15 16 18 29 
4206 0 4 3 5 11 31 
4207 22 4 12 17 19 20 
4208 19 4 14 15 17 19 
4209 19 5 1 4 8 10 28 
4210 19 4 0 2 29 31 
4211 22 3 3 29 31 
4212 22 9 0 1 2 5 7 8 9 25 30 
4213 13 10 2 3 7 14 15 20 21 26 27 31 
4214 0 6 5 6 9 11 13 28 
4215 19 7 0 3 5 22 26 27 29 
18 9 9
4223 1 7 1 4 7 8 11 14 16 
4224 7 4 0 4 9 14 
4225 1 7 3 5 6 8 9 13 14 
4226 9 5 2 4 6 8 9 
4227 1 5 0 1 3 8 9 
4228 17 4 2 7 8 13 
4229 0 3 2 3 8 
4230 10 3 0 5 8 
4231 0 7 0 2 3 4 5 6 7 
4232 0 5 1 2 3 4 14 
4233 18 4 11 12 13 17 
4234 4 5 0 10 15 16 17 
4235 12 5 10 13 14 15 17 
4236 22 5 2 5 10 12 14 
4237 22 8 0 1 2 9 12 13 15 16 
4238 7 5 11 12 14 16 17 
4239 22 4 0 11 14 15 
4240 13 4 10 11 12 15 
9 12 90
4241 18 5 2 5 6 7 8 
4242 22 4 2 3 4 5 
4243 18 6 0 1 4 5 6 8 
4244 22 4 1 4 5 7 
4245 22 4 1 2 3 6 
4246 18 5 0 1 2 3 7 
4247 22 5 0 2 4 7 8 
4248 22 4 0 3 5 6 
4249 22 3 0 2 6 
75 9 91
4250 18 6 6 11 12 25 33 52 
4251 22 5 13 14 32 33 35 
4252 22 3 5 9 17 
4253 1 5 10 42 59 67 69 
4254 4 6 24 27 31 60 61 62 
4255 4 5 2 9 17 45 71 
4256 0 6 0 7 25 43 44 52 
4257 13 5 6 8 14 25 43 
4258 1 6 7 13 14 15 18 43 
4259 4 6 2 5 10 17 45 56 
4260 22 8 3 9 17 39 50 56 67 69 
4261 22 4 0 25 32 33 
4262 2 6 0 44 52 59 60 61 
4263 22 7 1 8 14 15 28 34 35 
4264 22 6 1 7 8 13 25 32 
4265 22 4 8 13 18 34 
4266 7 5 18 21 28 30 74 
4267 22 7 2 5 9 10 31 69 71 
4268 4 10 8 15 16 19 22 26 28 34 43 74 
4269 22 5 18 20 22 24 43 
4270 22 6 19 22 23 24 27 29 
4271 1 4 16 28 30 35 
4272 1 5 18 19 20 23 26 
4273 22 4 20 22 26 29 
4274 22 6 4 19 20 27 43 61 
4275 18 6 0 6 7 11 14 32 
4276 1 5 18 22 23 29 74 
4277 19 5 4 20 24 29 62 
4278 1 6 13 16 18 21 34 35 
4279 1 7 20 23 26 27 30 62 74 
4280 19 8 16 21 29 35 62 64 72 74 
4281 22 6 4 17 60 62 69 71 
4282 12 5 1 11 14 25 33 
4283 12 4 0 1 11 32 
4284 1 4 13 15 18 28 
4285 1 5 1 13 21 28 30 
4286 1 3 54 55 58 
4287 1 5 45 47 48 51 56 
4288 22 5 40 41 65 68 73 
4289 8 7 10 40 49 50 57 67 68 
4290 1 5 38 39 41 57 68 
4291 4 6 38 40 53 57 63 65 
4292 1 3 3 67 68 
4293 18 8 6 7 8 18 19 24 44 61 
4294 22 5 6 12 43 52 61 
4295 19 8 5 9 37 48 56 62 71 72 
4296 1 5 49 50 55 57 66 
4297 18 6 37 50 51 54 55 56 
4298 18 8 37 45 51 54 58 63 64 72 
4299 0 5 39 46 50 57 66 
4300 1 8 10 39 46 47 49 55 56 66 
4301 0 4 37 47 48 54 
4302 19 4 0 6 12 44 
4303 0 5 41 63 65 70 73 
4304 1 6 36 47 48 51 55 58 
4305 1 7 36 46 47 50 54 57 58 
4306 1 6 9 10 37 45 47 50 
4307 1 8 39 40 41 46 49 55 58 63 
4308 1 6 36 48 54 55 57 63 
4309 2 4 3 12 60 69 
4310 2 6 4 12 31 59 61 69 
4311 2 6 4 12 24 43 44 60 
4312 18 8 4 27 29 30 31 45 71 72 
4313 22 7 41 48 53 57 58 64 70 
4314 13 6 30 48 63 70 72 73 
4315 22 4 38 41 53 73 
4316 1 3 46 49 50 
4317 1 5 3 10 39 42 68 
4318 0 5 38 39 40 42 67 
4319 2 6 3 10 17 31 59 60 
4320 1 4 53 63 64 73 
4321 1 5 5 17 31 45 62 
4322 18 5 30 45 48 62 64 
4323 1 5 38 53 64 65 70 
4324 7 5 16 18 26 29 30 
13 1 94
4327 1 4 3 5 7 12 
4328 13 6 4 6 8 9 10 12 
4329 9 4 3 7 9 10 
4330 13 6 0 2 5 7 10 11 
4331 13 3 1 5 6 
4332 13 6 0 3 4 6 8 11 
4333 13 4 1 4 5 8 
4334 9 5 0 2 3 9 12 
4335 9 5 1 5 6 10 11 
4336 9 5 1 2 7 10 12 
4337 18 6 1 2 3 8 9 11 
4338 9 4 3 5 8 10 
4339 9 4 0 1 7 9 
1 5 99
4386 22 1 0
