362
100
102
103
104
105
110
112
113
114
120
127
128
129
130
131
138
143
146
149
150
153
159
160
161
164
165
166
178
182
189
191
192
194
195
199
206
208
210
211
212
213
214
215
216
217
219
221
222
223
224
226
228
229
230
231
233
235
239
24
240
242
243
244
245
246
247
248
249
251
252
253
254
255
256
257
258
26
260
261
262
263
264
266
267
268
269
270
272
273
274
277
278
279
280
281
283
284
287
288
289
290
291
293
294
295
299
300
302
303
307
308
309
310
311
312
313
315
317
318
319
320
322
323
324
325
326
328
329
33
330
331
332
333
336
338
342
344
346
348
350
351
353
355
361
362
363
364
366
367
369
371
372
373
375
376
378
379
38
380
382
386
387
390
394
395
396
397
399
40
400
401
403
405
406
407
409
410
411
412
413
415
417
418
421
422
423
425
427
429
431
432
433
434
435
436
437
438
439
440
441
442
443
444
445
449
45
450
451
453
454
455
456
457
459
463
465
466
467
468
469
470
471
474
478
48
480
482
483
485
487
489
49
490
491
494
495
496
497
499
5
501
504
506
507
508
511
512
513
514
515
518
522
523
525
528
530
534
536
539
54
540
551
553
554
557
560
568
57
571
573
574
575
576
579
580
582
586
591
592
593
595
596
599
60
600
602
604
61
613
615
616
618
620
622
624
625
627
628
629
63
631
632
634
638
648
65
653
654
657
67
674
691
707
711
712
713
714
716
73
730
732
734
74
743
746
749
751
755
756
757
759
760
763
764
766
767
768
769
770
778
796
8
80
805
811
814
817
818
819
820
825
826
830
832
834
835
842
9
90
91
94
99
