1425
1000
1002
1010
1017
1018
1022
103
1030
1039
104
1049
1055
1056
1060
1061
1063
107
1072
1079
1085
1086
109
1091
1093
1094
1107
112
1123
1126
1127
1132
1138
1141
1143
1144
1148
115
1159
1163
1164
117
1173
1174
1175
1179
1195
1199
12
1200
1202
1215
1219
1222
1226
1227
1228
123
1230
1235
1236
1239
124
1241
1242
1243
1244
1245
1246
1247
1253
1255
1261
1263
1265
1268
1270
1280
1281
1282
1289
1295
13
1300
1303
1305
1306
1311
1321
1323
1329
1338
1339
1343
1344
1351
1357
1359
136
1363
1364
1368
1370
1379
1390
1394
1395
1396
1398
1399
140
1405
1413
1419
1424
1437
1438
144
1444
1449
145
1450
1451
1452
1456
1457
146
1460
1461
1466
1470
1471
1472
1476
1477
1478
1479
148
1482
1484
1485
1489
1495
1496
1498
1500
1501
1503
1506
1507
151
1511
1516
1517
1518
1519
1525
1526
1527
1528
1529
1530
1535
1536
1539
154
1540
1543
155
1552
1554
1557
1559
1561
1568
1569
1570
1576
1578
1585
1587
1588
1598
1603
1608
161
1610
1611
1612
1619
1621
1622
1626
1627
1628
1631
1632
1640
1641
1643
1644
1657
1662
1668
1672
1675
1680
1683
1688
1689
1691
1697
1699
1700
1702
1703
1704
1707
1708
1713
1714
1715
1716
1717
1718
1719
1720
1721
1724
1725
1726
1729
173
1732
1737
1743
1747
1748
1749
1751
1753
1758
1774
1780
1786
1788
179
1803
1808
1815
1823
1825
1826
183
1847
1849
1852
1853
1854
1855
1859
1864
187
1877
1878
188
1880
1891
1892
1896
1898
1907
1908
1909
1916
1917
1921
193
1932
1940
1948
1954
1957
1960
1963
1965
1969
1970
1971
1976
1977
1978
1980
1985
1989
199
1996
1997
2003
2011
2024
2025
2026
203
2031
2032
2034
2035
2039
2042
2045
2050
2054
2063
2065
2068
2069
2083
2088
2097
210
2106
2108
2109
2111
2113
2114
212
2122
2125
213
2133
2135
2137
2143
2157
2160
2161
2162
2166
2168
2175
2187
2188
2189
2190
2196
2203
2208
2212
2217
2219
2225
2227
2228
2232
2234
2235
2236
2237
2240
2241
2244
2245
2250
2252
2259
2261
2263
2264
2265
2268
2270
2271
2272
2273
2275
2278
2279
2286
2290
2302
2305
2306
2307
2308
231
2314
2316
2317
2327
2328
2330
2332
2334
2335
2337
2338
2340
2341
2343
2344
2346
2347
2350
2351
2352
2359
236
2360
2363
2366
2368
2369
2370
2371
2372
2374
2376
2377
2380
2381
2383
2384
2388
2390
2391
2395
2396
2402
2405
2408
2409
2410
2411
2419
2420
2421
2424
2425
2426
2429
2430
2431
2432
2434
2437
2438
2439
2442
245
2452
2453
2454
2455
2461
2463
2464
2467
2468
2480
2483
2484
249
2490
2491
2493
2495
2496
2498
2499
2500
2502
2503
2504
2505
2509
2510
2518
252
2520
2522
2526
2530
2531
2532
2533
2535
2536
2540
2542
2544
2545
2546
2549
2553
2554
2556
2557
2558
2561
2562
2568
2570
2572
2573
2574
2575
2576
2578
258
2584
2585
2587
2590
2592
2594
2595
2597
2598
2599
26
2600
2601
2602
2605
2608
261
2610
2613
2617
2619
2620
2621
2622
2625
2627
2630
2631
2632
2636
2638
2639
2640
2642
2643
2645
2646
2647
2651
2652
2653
2654
2657
2660
2664
2665
2669
2670
2671
2672
2673
2676
2679
268
2681
2682
2684
2686
2689
2690
2692
2695
27
270
2701
2705
2707
2709
2710
2718
2719
2721
2725
2726
2727
2729
2734
274
2744
2745
2746
2749
2752
2753
2755
276
2761
2764
2765
2769
2771
2772
2773
2778
2782
2784
2785
2786
2788
2798
28
2800
2801
2802
2803
2805
2811
2812
2815
2816
2817
2818
2819
2821
2822
2825
2826
2837
2838
2839
2841
2842
2843
2844
2845
2849
2850
2853
2857
2860
2861
2863
2866
2867
2868
2870
2872
2873
2874
2875
2877
2880
2881
2882
2883
2884
2889
2891
2893
2895
2899
29
290
2902
2905
2906
2908
2913
2914
2915
2917
2921
2925
2926
2927
2928
2929
293
2930
2932
2933
2934
2935
2938
2941
2951
2952
2959
296
2965
2966
2976
2980
2982
2988
2991
2992
2994
30
3001
3005
3006
3010
3015
3019
3024
3025
3026
3028
303
3030
3031
3033
3034
3035
3037
304
3044
3046
3050
3051
3054
3056
3057
3059
3061
3065
3066
307
3070
3073
3083
3084
3085
3086
3098
3099
310
3105
3106
3108
3112
3113
3114
3118
3129
3132
3134
3136
3139
3140
3142
3143
3148
3152
3156
3159
3161
3163
3168
317
3172
3174
3176
3178
3179
3181
3182
319
3190
32
3200
3205
3207
3214
3215
3216
3220
3225
3226
3228
3229
3231
3233
3237
3238
3241
3243
3247
3249
3251
3252
3253
3259
3261
3262
3264
3268
3269
3273
3276
3278
3281
3282
3283
3286
3287
3288
329
3290
3295
3296
3301
3302
3308
3312
3314
3318
332
3320
3322
3323
3326
3327
3329
333
3334
3336
3337
3339
3340
3344
3348
3355
3358
3361
3364
3365
3366
3367
3369
3372
338
3381
3382
3383
3384
3391
3392
34
3403
3404
3418
3421
3425
3426
3432
3438
3441
3443
3445
3455
3459
3460
3461
3462
3467
3468
3470
3474
3477
3478
3480
3481
3482
3483
3484
3485
3487
3488
3489
3491
3493
3494
3498
350
3501
3503
3504
3505
3507
3508
3512
3513
3519
3523
3525
3532
3536
3540
3549
355
3551
3552
3559
3561
3562
3564
3577
3578
3581
3582
3583
3586
3587
3590
3593
3597
3598
3601
3602
3607
3608
3616
3617
3619
3635
3644
3657
366
3663
3665
3670
3671
3674
3675
3679
368
3682
3684
3688
3689
3690
3691
3697
3699
37
370
3701
3702
3706
373
3746
3747
3758
3759
3764
3768
377
3782
3783
3792
3797
38
3801
3802
3804
381
3811
3813
3814
3819
3823
3828
383
3835
3837
3839
3841
3842
3846
3847
385
3851
3852
3857
3858
3860
3861
3869
3875
3877
388
3881
3882
3887
389
3890
39
3900
3901
3902
3903
3904
3905
3908
3910
3912
3914
3915
3922
3923
3931
394
3940
3944
395
3952
3955
3957
3960
3966
3968
3969
3972
3978
3986
399
3995
4006
4007
4008
4018
4020
4021
4022
4024
4025
4026
4027
4028
403
4030
4034
404
4046
405
4050
4051
4053
4055
4056
4066
4069
4070
4077
4080
4083
4085
4086
4088
4091
4092
4094
4096
4099
41
4103
4109
4139
4140
4143
4145
4151
4157
4159
4165
4166
417
4171
4184
4188
4190
4198
42
4220
4228
4234
4236
424
4241
4245
4253
4255
426
4265
4266
4268
4271
4273
4275
4276
4292
4298
4310
4312
4313
4315
4318
4319
4327
4333
4336
4339
4344
4347
4355
437
438
4380
4382
4394
4398
44
4402
4405
4413
4419
4421
444
4453
4455
4456
446
4480
4482
4496
4502
4503
4504
4514
452
4524
4528
4547
4554
4555
4560
4564
4565
457
4570
458
4580
4587
4589
459
4592
4596
46
4606
4609
461
4610
4614
4615
4616
4617
4620
4621
4630
4632
4635
4637
4638
4639
4640
4641
4642
4643
4645
4656
466
4668
4669
4670
4671
4676
4677
4679
468
4681
4682
4685
4686
4687
4688
4689
4690
4698
4716
472
4721
4728
474
4742
4756
4762
4769
477
478
479
4796
4799
4810
482
4831
4834
4837
4844
4850
4851
4853
4858
4860
4866
4867
4874
4875
4878
4880
490
4904
491
4910
4914
4917
4920
4923
4926
4929
493
4930
4931
4932
4934
4935
4936
495
4959
4977
4979
498
4980
4981
4988
4991
4995
50
500
5008
5009
501
5012
5023
5035
5039
504
505
5053
5057
5060
5061
507
5078
509
5090
51
5112
5126
5133
5147
517
5172
5181
5183
519
5207
5210
5228
5235
524
5249
5275
532
535
537
539
542
543
55
557
56
561
565
566
570
573
574
580
583
59
591
592
596
600
602
603
606
607
610
611
613
618
620
624
631
634
635
636
637
64
640
645
65
652
653
672
673
675
676
68
680
685
687
689
693
695
699
711
712
713
715
732
737
738
739
749
76
761
764
77
784
79
793
798
8
802
81
818
821
823
825
827
83
833
840
848
858
864
865
866
868
87
870
871
873
876
88
880
884
889
89
897
9
900
902
914
920
925
926
929
930
931
934
935
936
939
94
950
952
954
955
956
973
974
977
98
984
986
988
99
990
998
999
