1051
1001
1002
1003
1004
1014
1018
1019
102
1023
1026
1030
1038
1049
1050
1051
1062
1069
1073
1076
1082
1085
1087
1088
1089
1091
1098
1113
1116
1117
1119
1120
1127
1132
1133
1134
1136
1138
1139
1144
115
1156
116
1160
1165
1169
1174
1175
118
1181
1185
1187
1189
1190
1193
1196
1199
1201
1204
1205
1206
121
1210
1213
1215
1219
1220
1226
1232
124
1240
1249
1257
1262
1265
1266
1267
1268
1269
1270
1282
129
1293
130
1300
1307
1308
1312
1315
1319
1321
1322
1325
1328
1336
1344
1345
1346
1351
1357
1358
1359
136
1377
138
1383
1385
1388
139
140
1403
1408
1412
1415
1418
1420
1422
1429
1433
1436
1437
1445
1450
1451
1453
1458
146
1460
1461
1467
147
1473
1476
1485
1488
1490
1495
1503
1505
1506
1507
1509
151
1512
1513
1517
1519
1526
1529
1536
1537
1542
1548
1551
1552
1556
1563
1567
1569
1572
1573
1576
1579
1580
1584
1587
1589
159
1590
1592
1593
1594
1595
160
1602
1604
1609
1617
1623
1625
163
1637
1639
164
1641
1642
1644
1651
1652
1656
1659
1661
1666
167
1671
168
1680
1681
1682
1685
1708
1709
1713
1716
1728
1731
1736
1738
1739
1743
1750
1754
1756
1778
178
1783
1785
1786
1788
1793
1795
1802
1810
1811
1818
1829
183
1832
1835
184
1847
1855
1857
1864
1866
1868
187
1871
1875
1879
188
1883
1886
1896
1897
1899
1900
1903
1909
191
1911
1918
192
1922
1930
1938
1942
1943
1948
1953
1958
1959
1966
1975
1976
1978
1982
1990
1995
2003
2005
2007
2016
2017
2024
2028
203
2034
2035
2044
2049
205
2056
2057
2060
2061
2064
2081
2082
2089
209
2092
2095
2100
2107
2111
2112
2116
2119
2136
2140
2148
2149
216
2160
2166
2169
2174
2176
2178
2186
2188
2190
2198
2208
221
2211
2216
222
2221
2223
2226
2227
223
2230
2232
2237
2239
2242
2244
2263
2264
2276
2279
2285
2293
2295
230
2302
2306
2330
2336
2339
2340
2345
2346
2360
2361
2362
2364
2365
2369
2370
2377
2378
238
2385
2388
2391
2392
2394
2399
240
2404
2406
2416
2433
2434
2439
2443
2444
2445
2448
2461
2464
2471
2476
2478
248
2480
2483
2485
2488
2489
249
2492
2494
2500
2504
2509
251
2514
2515
2519
252
2523
2527
2529
2530
2533
2534
2543
255
2550
2564
2565
2569
2572
2573
2577
2580
2587
2588
2597
2599
2602
2604
2605
2612
2617
2622
2623
2626
2627
2629
2637
2643
2646
2654
2664
2669
2674
268
2684
2687
2691
2699
2701
2703
2705
2709
2712
2715
2717
2720
2726
2727
2728
273
2742
2745
275
2756
276
2762
2763
2765
2769
2773
2786
2788
2794
2797
2799
280
2800
281
2814
282
2820
2827
2831
2832
2836
2849
2858
286
2863
2867
2869
2872
2877
2879
2880
2884
2888
2892
2893
2894
2905
2907
2914
2915
2919
292
2924
2925
2928
2929
293
2933
2934
2945
2947
2949
2953
2958
2960
2961
2963
2966
2970
2977
2984
2989
2991
2993
2994
2996
2999
300
3008
3021
303
3030
3032
3035
304
3040
3044
3045
305
3052
3058
3059
306
3060
3061
3066
307
3074
3078
3082
3085
3086
309
3094
3097
3099
3104
3108
311
3112
3114
3117
3118
312
3124
3126
3127
3129
3131
3132
3136
3139
3143
3147
3148
3150
3152
3153
3157
316
3161
3162
3164
3169
3171
3173
3174
3176
3177
3179
3180
3188
319
3191
3193
3194
320
3200
3209
3211
3212
3218
3219
322
3226
3227
3228
323
3230
3231
3235
3236
3239
3247
3250
3253
3254
3258
3260
3261
3262
3265
3266
3268
327
3271
3272
3273
3281
3282
3283
3285
3286
3294
3302
3306
3308
331
3311
3315
3321
3325
3326
3339
3341
3346
3349
3351
3355
336
3363
337
3370
3373
3374
3375
3379
338
3380
3383
3384
3391
3394
3414
3415
3416
342
3421
3424
3427
3428
343
3436
344
3440
3453
3455
3459
3471
3472
3475
3476
3480
3486
3488
349
3492
3493
3495
3497
3498
3499
3502
3505
3513
3514
3515
3527
3529
3530
3532
3533
3536
354
3541
3542
3547
355
3553
3556
3557
3560
3564
3569
357
3571
3572
3574
3575
3577
3578
3579
3580
3584
3589
3593
3599
3600
3601
361
3613
3614
3615
3621
3630
3631
3633
3636
3637
364
3640
3645
3646
3647
3648
3653
3658
366
3666
3668
3669
3672
3674
3676
3678
3686
3691
3693
3694
37
3705
3709
3710
3713
3729
373
3736
3738
3744
3746
3751
3752
3758
3759
3760
3761
3762
3763
3767
3775
3776
3779
3782
3788
3802
3803
3804
3805
381
3810
3811
3812
3821
3822
3823
3828
3830
3832
3838
3839
3840
3841
3842
3844
3851
3852
3859
3860
3874
3875
3879
3880
3887
3899
39
3905
3908
3909
3925
3928
393
3932
3935
3936
3940
3947
3953
3957
396
3962
3963
3965
3967
3970
3985
4005
4006
4008
4013
4016
402
4022
4023
4026
4030
4031
4036
4038
4039
404
4042
4044
4046
4051
4054
4062
4063
4066
407
4074
4075
4078
4079
4084
4088
4100
4105
4116
4125
413
4134
4135
4136
4137
4139
4140
4141
4144
4145
4146
4147
4148
4151
4152
4158
4159
416
4163
4173
4176
4187
419
4191
4192
4202
4203
4204
4205
4224
4226
4227
423
424
4248
4249
4252
435
44
441
443
446
451
457
458
46
464
478
48
481
489
492
495
511
513
519
520
541
545
553
554
559
56
560
562
572
575
58
59
593
595
598
60
600
607
61
611
613
614
618
621
634
635
642
643
644
658
661
679
68
681
687
69
693
695
70
708
712
718
723
724
726
728
73
737
741
742
744
755
764
767
771
784
785
792
796
804
813
814
818
82
822
824
829
835
836
837
839
842
849
85
855
857
86
860
867
869
87
875
879
881
885
888
891
892
893
894
896
898
901
902
904
906
908
912
913
914
916
920
921
922
927
928
935
939
945
947
948
95
951
953
954
955
956
958
959
964
967
969
97
973
975
976
98
981
986
988
990
996
997
