3478
0
1
10
100
10002
10005
10014
10016
10024
10026
10029
10030
10037
10044
10050
10054
10058
10065
10074
10075
10076
10082
10087
10095
101
10100
10105
10108
10131
10135
10139
10144
1019
102
10233
1030
10350
1038
10398
1040
1046
10503
10522
10529
10537
10549
10551
10559
10560
10568
10573
10575
10576
10584
10585
1059
10598
10604
10609
10610
1062
10621
10630
10634
10640
10641
10642
10672
10679
10681
10698
107
10705
10710
10741
10742
10743
10745
10749
10752
10760
10761
10812
10822
10824
10868
10875
10889
1089
10904
10907
1091
10933
1094
10941
10950
10960
10961
10968
10973
10976
10985
10988
10996
10998
11
110
11016
11020
11022
11023
1103
11033
11035
11037
1107
11077
11084
1109
11092
11093
11094
11095
11097
11099
11104
11106
11108
11111
11114
11116
11120
11126
11130
11139
1114
11146
11166
11167
1117
11178
11182
1119
11193
11196
112
1125
1128
11291
11373
11375
11388
11389
11391
1140
11404
11406
11415
11423
11426
11432
11433
11435
11445
11454
1146
11467
11469
11476
11477
11483
115
11500
11516
11518
11520
11522
11527
11530
11540
11548
1155
11551
11560
1157
11589
11600
11602
11604
11605
11607
11610
11612
11613
11617
11619
11628
11629
11633
11637
11638
11639
11640
11641
11642
11644
11666
1169
11693
11695
11697
11705
11719
11720
11736
11737
11738
11739
11747
11748
1175
1176
11760
11762
11765
11770
11775
11787
1179
11807
11825
11829
11833
1184
11848
1185
11859
11870
11875
11885
11892
11919
11928
11935
11936
11939
11940
11942
11943
11944
11948
11951
11953
11957
11960
11964
11965
11979
1199
11996
12
1204
12047
12049
12051
12056
12090
12107
12113
12116
12119
12123
12126
12127
12128
12130
12137
12138
12139
12143
12155
12165
12167
1217
12171
12175
12177
12179
12184
12186
12187
12196
12197
122
12205
12208
12209
1221
12211
12215
12216
12219
12220
12222
12235
1224
12274
12275
12280
12289
12290
123
12325
12327
12346
12347
12356
12357
12361
12382
12385
12401
12404
12408
12422
12444
12449
12452
12458
12464
12475
12477
12482
12493
12496
12505
12506
12508
12515
12529
12532
12534
12536
12543
12546
12557
12559
12580
12584
12585
12597
12606
12607
12608
12610
12619
12621
1263
12639
1264
12643
1266
1268
12683
12687
12688
12702
12703
12704
12706
12711
12714
12715
1272
12720
12727
12729
1273
12749
12754
12755
12756
1276
12764
12781
12789
12791
12802
12809
12814
12824
12829
12831
12834
12840
12843
12848
12859
12861
12862
12864
12867
12876
12889
1289
12903
12909
12917
12929
12930
12934
12938
12954
12969
12975
12976
12979
12983
1299
12990
12991
12996
13
13002
13006
13011
13012
1302
13025
13034
13043
13046
13051
13054
13058
13070
13072
13077
1309
1310
13104
13113
13114
13115
13119
1312
13120
13135
13138
13139
13142
13151
13152
13156
13160
13161
13163
13164
13165
13168
1319
13193
13198
13202
13204
13205
13209
13216
13218
13221
13224
13229
13233
13239
13240
13245
13247
1327
13273
1328
1329
13336
1334
13358
13381
13388
1339
13413
13428
13432
13436
13443
13445
1346
13460
13467
13479
13498
13507
13510
13514
13539
13543
13545
13552
13555
13557
13559
13582
13588
1359
13592
13596
136
13606
13656
13664
13670
1368
1369
137
13700
13731
13734
1374
13740
13741
13753
1376
13761
13763
13767
13769
13773
1378
13781
138
13809
13813
13818
1382
13833
13835
13855
13865
1387
13873
13875
13878
13880
13889
1389
13893
13894
13906
1392
13924
13928
13930
13932
13933
13941
13946
13947
13962
13975
13976
13980
13990
13991
13992
13997
14
14010
14012
14018
14027
14029
14035
14039
1405
14050
14052
14054
14055
14057
14059
1406
14061
14062
14063
14066
14084
14094
14095
14097
14098
141
14100
14102
14103
14107
1411
1412
14135
1416
14164
1418
14223
14224
14229
14232
14241
14247
14258
14261
1427
14275
14278
1428
14294
14309
14310
14312
14326
14339
1434
14342
144
14430
14495
1450
14511
14514
14523
14530
1457
14572
14575
14578
1458
14589
1459
14591
14593
14607
14611
14612
14613
14615
14624
14626
14628
14629
1463
14640
14645
14648
14649
14651
14653
14654
14655
14656
14657
14663
14666
14676
14679
14683
14686
14689
147
14786
14821
1483
14836
14842
14848
14859
14871
14893
149
14901
14917
14919
14927
14928
1493
14941
14948
14951
14953
14976
14981
14982
14985
14993
14997
1500
15014
15017
1502
1503
15035
15037
15041
15045
15057
15058
1506
15062
15072
1508
15081
15095
15096
1510
15108
15112
15113
15116
1512
15128
15130
15142
15151
15161
15162
1519
15197
152
1520
1521
15231
15236
15240
15244
15250
1529
1530
1536
15368
15396
1541
15439
15450
15454
15455
15456
15458
15461
15478
15480
15504
15506
15509
1551
15515
15518
15520
15522
15529
15530
15541
15546
15550
15558
15559
15565
15566
15567
15568
15569
15581
15586
15591
15594
15599
15608
15609
15612
15622
15627
15640
15646
15648
1565
15653
15656
15657
1566
15671
15672
15677
15685
15691
15695
15703
15706
15707
15715
15716
15719
15735
15736
15751
15758
1576
15769
1577
15770
15777
15779
15784
15787
15789
15795
15796
158
15802
15805
15808
15809
15815
15819
15822
15825
15832
15836
15838
15841
15849
15852
15857
15879
1588
15880
15882
15884
15886
15889
15891
15892
15893
15895
15900
15902
15908
15910
15912
15913
15921
15924
15929
15934
15935
15936
15941
15948
15951
15955
15959
15961
15963
15964
15968
1597
15974
15977
15979
1598
15980
15983
15991
15998
16
16002
16006
16011
1602
16027
16040
16045
16052
16059
16063
16064
16065
16075
16077
16078
16080
16081
16090
16091
16099
16109
16119
1614
16175
16178
16192
162
16206
16215
16219
16226
16228
16230
16266
16284
16285
16288
163
1630
16304
16308
16309
16312
16318
1632
16337
16341
16342
16345
16350
16354
16371
16381
16384
16387
16388
16395
16397
16415
16429
16432
16433
16437
16438
16453
16456
16464
16484
16487
16496
165
16502
16526
16528
16532
16533
16534
16535
1654
16540
16548
16561
16565
1657
16579
1658
16586
16587
1659
16591
16592
16596
166
1660
16600
16601
16603
16607
16610
16611
16616
16621
16625
16634
16635
16638
16647
16653
16666
16676
16683
16685
16699
167
16702
16703
16705
16709
16712
16713
1672
16722
16731
16733
16745
16760
1677
16784
168
16808
16817
16827
16831
16841
16845
16847
16848
16858
16892
16896
16899
16906
16908
16954
16982
16983
16984
17004
17020
17021
17043
17046
1705
17068
17074
17080
17085
171
17102
17105
17111
17118
17122
17123
17124
17128
17129
17136
17139
17142
17145
17153
1719
17191
17192
17201
1721
1722
17227
17242
17254
17257
17260
17264
17265
17267
17272
17290
173
17307
17312
17341
17350
17358
17359
17363
17366
17368
17375
1739
17392
17399
17401
17402
17405
17410
17415
17427
17431
17443
17444
17448
17449
17451
17452
17455
17456
17461
17463
17471
17490
17504
17562
17565
17567
1757
17574
17598
1762
17634
1764
17641
17648
17658
1768
1769
17746
17749
17753
1778
1779
178
1780
1783
17845
1785
17857
1786
17873
17877
179
1793
17946
1795
17950
17957
17971
17978
17984
17999
18003
1801
18023
1805
1806
18086
18103
18107
1813
1815
1817
1819
18217
18219
18220
18221
18225
18227
18228
18239
18242
18247
18251
18263
1827
18270
18272
18273
18274
18276
18285
18288
18289
18290
18292
18297
18302
18304
18307
18309
18316
18319
18321
18324
18329
1833
18330
18336
18337
18339
18342
18346
18350
18353
18355
1836
18361
18363
18364
18368
18369
18370
1838
18388
18397
184
18400
18402
1841
18411
18414
18418
1844
1846
18463
1854
18610
18630
18639
18645
18648
1865
18666
18672
18693
18698
18703
18710
18722
18728
1874
1875
1878
1879
18799
188
1880
18806
1882
18824
18854
189
18912
18917
1892
18928
18929
18963
18964
19012
19048
1905
19050
19058
19079
19089
19102
19154
19157
19185
192
19203
19205
1921
19218
193
19412
1942
19439
19443
19448
19449
19456
19457
19459
19461
19463
19464
19465
19466
19468
19469
19470
19471
19474
19483
19488
19499
195
19512
19517
19521
19523
19526
19532
19540
19544
19545
19554
19558
19564
19568
19580
19586
19604
19606
19622
19634
19650
19655
19673
19681
19708
19720
19722
19735
19747
1976
19763
19798
19823
19834
19837
19846
19848
19852
19881
19885
19887
19896
19902
19903
19940
19948
19971
19973
19974
19980
19984
19986
19990
20000
20008
20009
20024
20028
20034
20044
20045
20049
20053
20056
20059
20064
20070
20072
20074
20078
20092
20100
20105
20109
20125
20128
20129
20135
2014
20141
20147
20148
20159
20161
20162
20163
20164
20167
20176
20177
20182
20192
20195
20202
20203
20207
20208
20209
20210
20212
20214
20216
20217
20218
20222
20229
20239
2024
20240
20241
20248
20254
20255
20256
20257
20259
20262
20263
20264
20267
20282
20283
20288
2029
20297
20310
20316
20319
2032
20321
20336
20344
20352
20354
2036
20360
20362
20367
20371
20372
20379
2038
20382
20394
20398
20401
20423
20434
20438
20439
20443
2045
20468
20471
20474
20476
20477
20478
20481
20482
20486
20489
20492
20493
20498
20499
20507
20510
20516
20519
20548
20574
2060
2063
20645
2066
20664
20666
20667
20672
207
20743
20744
20754
20759
2076
20761
20762
20765
20767
20773
20775
20776
20778
20779
20781
20784
2080
20800
20805
20811
20812
20828
20832
20842
20846
20848
20849
20851
20863
20868
20877
20881
20884
20891
20897
20900
20903
20908
20915
20952
20955
20957
2096
20960
20966
20970
20979
20980
20981
20984
20986
20987
20994
20999
21
21013
21015
2102
21026
21028
21030
21031
21072
21076
21086
21098
21119
21139
2116
2119
21195
212
2121
21210
21214
21218
21230
21248
21259
21271
21278
2129
21304
2131
21310
21312
21326
21335
2134
21340
21349
2135
21354
21362
21370
21373
21375
21377
21379
21384
21395
21396
214
21400
21401
21402
21403
21404
21405
21409
2141
21421
2144
21448
21449
21454
21455
21456
21459
21471
21500
21508
2152
21523
21544
21564
21566
21571
21572
21573
21597
21598
21610
21636
2166
217
2170
2173
21740
2179
21796
21799
2183
21843
21847
21853
21855
21859
21879
2188
21887
2190
2192
2193
2196
2199
21994
21996
22
22007
2202
22032
22048
22053
2206
22068
2207
22075
22078
22079
221
22104
22125
22141
22145
22150
2216
22193
22194
22218
22258
2226
22269
22283
22287
22296
22299
2233
224
2241
22444
22446
22475
2248
22482
22483
22485
22486
22495
22503
22506
22507
22508
22509
22511
22514
2252
2253
22573
2258
22587
2259
22601
22610
22638
2265
22665
22666
22695
227
2272
22725
2273
22730
22736
22746
22753
22758
22762
22767
22771
22781
22782
22784
22790
22797
2282
22831
2286
22862
22865
22876
22889
22892
22897
229
22934
2294
22940
22943
22949
22950
22957
22963
22966
22970
22972
22985
22991
230
23017
23023
23031
23033
23034
23038
23039
23042
23061
23073
23092
23101
23104
23107
23126
23128
23132
23135
23139
23141
23145
23166
23169
23170
23175
2318
23180
23186
23190
23195
23196
23254
23270
23271
23274
23280
23285
23288
23289
23291
23296
23300
23303
23323
23324
23327
23330
23338
23344
23352
23353
23361
23366
23372
23373
23375
23384
23386
234
23403
23415
23420
23427
23442
23446
23450
23454
23455
23462
23498
23500
23501
23504
23513
23519
23520
23533
23536
23542
23543
23547
23549
23555
23566
23581
23583
23587
2359
23595
23603
23606
23609
23616
23618
23624
23632
23637
23646
23663
23669
23679
2369
23695
23696
23698
23700
23701
23708
23715
23717
23721
23722
23727
23731
23740
23743
23751
23754
23756
2376
23761
23767
23778
2378
23780
23791
238
23807
23829
23831
23861
2390
24028
2403
24031
24058
24064
24068
24072
24076
24077
24082
24085
24088
24093
24095
24097
24100
24102
24103
24104
24105
24111
24112
24114
24121
24122
24123
24124
24127
24129
24130
24132
24136
24137
24138
24153
24161
24163
24164
24170
24171
24177
24178
24181
24184
24188
24189
24190
24191
24197
24209
24215
24217
24220
24223
24224
24225
24226
24229
24230
24238
24239
24246
2425
24250
24254
24255
24263
24266
24271
24273
24275
24288
24294
24297
24308
24310
24311
24321
24327
24328
24329
24330
24331
24332
24333
24335
24339
2434
2435
2436
24363
24364
24372
24377
24385
24390
24392
244
24405
24408
24415
24417
24424
24437
2444
24441
24443
24445
24454
24458
24461
24470
2448
24484
2449
24490
24491
24496
24497
2450
24509
24510
24511
24512
24513
24519
24523
2455
24637
24641
24644
24645
24646
2465
24650
24669
24671
2470
24709
24712
24721
24735
24746
24753
24771
24772
24787
24788
24793
24795
24796
248
24800
24803
24804
24828
24836
24837
24838
24841
24842
24843
24854
24860
24875
24891
24895
24897
24898
24907
24918
24929
2493
24942
24943
24944
24950
24960
24964
2497
24985
24993
25008
25012
25017
25018
25020
25029
25030
25031
25049
2505
25053
25074
25088
25099
25130
25144
25186
25190
25202
25208
25210
25215
25217
25219
25220
25222
25223
25225
25231
25236
25238
25241
25243
25254
25255
25256
25258
25263
25265
2527
25270
25271
25272
25273
25274
25275
25277
25279
25291
25297
25298
25303
25305
25307
25310
25317
25320
25321
25323
25325
25326
25340
25344
25353
25354
25355
25357
2537
25375
25383
254
25406
25467
255
25518
256
2565
257
25783
258
25850
25852
25861
25939
262
264
2653
2671
2676
270
2703
271
2719
2724
2727
27284
2729
2730
2731
2733
2734
2736
274
27491
27499
275
27500
27503
27524
27525
27527
27531
27668
2771
2774
2775
2776
27762
2777
278
27808
2782
2788
27887
2791
2797
28
280
2802
2812
28173
282
2823
28232
2825
2826
28267
28273
2832
28327
28328
28329
284
2845
2847
285
2850
28510
28582
286
28615
2870
2873
28810
2888
289
2890
2895
290
2908
29086
291
2915
29151
2919
292
293
2933
294
29496
2951
2954
2964
29653
29654
2966
29675
29684
2973
2975
299
2991
2992
2999
3
30067
301
3012
30139
302
30275
303
30328
3034
3046
30577
3062
3065
3066
3068
307
3071
3077
3081
30818
3090
3093
3094
3096
31085
31086
31087
311
3110
3117
312
3121
31246
3126
3127
3175
3179
318
3181
31836
31841
3195
32
32075
32122
32176
322
32284
323
32309
32332
3234
3240
3253
3266
3283
33
330
331
3318
333
3337
3359
3364
338
339
3392
3397
340
3405
3409
341
342
345
3450
346
3466
347
3470
348
3485
3489
349
3497
350
3532
3535
3536
355
3550
3551
3553
3555
356
359
3595
3597
36
3601
361
3610
3611
3612
3617
3619
3620
3621
3622
3623
3625
3626
3630
3634
3638
3640
3642
3643
3648
3652
3654
3656
3659
366
3661
3662
367
3677
3679
368
3680
3681
3683
3685
3687
3688
3689
369
3690
370
3701
3703
3705
3706
3707
3708
371
3710
3711
3712
3718
372
3729
3730
3732
3735
3737
3738
374
3742
375
3762
377
378
379
380
381
3810
3814
3815
3821
384
3848
3865
3876
3877
388
3884
3893
3896
39
3907
392
394
3942
3943
3954
397
3974
3980
3994
3995
401
4012
403
4034
404
4046
405
406
4067
408
4082
4088
409
4093
41
410
4101
412
4120
413
4137
4167
418
4183
4184
419
42
4201
4202
4210
4212
4219
422
4226
4227
424
4241
4251
4257
4258
4259
4268
427
4270
4271
4276
4288
4292
4298
4301
4305
4306
4312
432
4321
4324
4326
4340
4342
4347
4349
4350
4351
4358
4361
4362
4367
4372
4373
4375
438
4382
439
4407
4409
4414
442
443
4439
4442
4443
4458
4468
447
4470
4473
4475
448
450
4505
4507
4533
4537
4541
4546
455
4556
4558
456
4562
4564
4571
4574
4583
4584
4585
4588
459
46
4600
4606
4617
4618
4620
4621
463
4631
4637
4660
4688
469
4690
47
4702
4704
4706
474
4745
4750
4751
4752
4759
4773
4774
4775
4776
4777
478
4780
4786
4787
4789
479
4791
4792
4796
4797
48
4801
4808
4812
4813
4814
4815
4827
4828
4831
4834
4840
4841
4842
4843
486
4866
4868
487
4870
4875
4877
488
4890
4893
4899
49
4900
491
4930
4931
4939
4940
4946
495
4951
4954
4957
4972
498
4980
4981
4982
5
50
500
5005
5006
5009
5012
5018
502
5031
5036
5040
5048
5049
505
5059
5068
5080
5083
5092
5094
51
5100
5102
5104
5107
5113
5123
513
5157
5158
5160
5161
5162
5165
5166
517
5170
5171
5173
5174
518
5180
5183
5205
521
5218
5221
523
5232
524
525
526
527
528
53
530
533
5346
5366
5368
5399
5409
541
5412
5422
5445
5447
545
5451
5452
5455
546
5461
5483
5487
5498
5499
550
5505
5507
5509
552
5522
553
554
555
5556
556
557
5606
561
562
5621
5625
563
5635
5653
566
5667
57
5701
571
5710
572
5725
573
5734
5735
574
575
5753
5754
5767
577
5775
578
5782
5783
5797
58
580
581
5822
5828
5829
583
5832
5834
584
5846
5848
585
5859
5861
5864
587
5875
5884
589
59
590
5907
5908
5911
5919
592
5928
593
5930
5933
595
5959
596
5961
597
598
599
5992
600
6008
6010
6012
6016
6017
6019
6020
6023
6024
6025
6032
6033
6036
6037
6039
604
6041
6042
6044
6045
6047
605
6059
606
6072
608
6081
6082
6083
6087
609
6091
6093
6094
6095
6099
61
610
6108
6109
6116
6118
6119
612
6122
6128
613
6130
6131
6133
6134
6135
6139
614
6140
6142
6143
6145
6150
6156
6167
6169
618
6183
6186
6187
6188
619
620
6206
6209
622
624
629
6291
6296
6298
630
6304
6310
6318
6325
6329
6335
6341
6374
6376
6380
6381
639
6391
64
6403
6409
6410
6412
6421
6422
643
6439
6455
6463
6464
6475
6486
649
6491
6493
65
650
6500
6507
652
6527
6535
654
656
6561
6565
6566
6567
6568
6575
6576
658
659
6605
6610
6615
6621
6622
6625
663
6633
6634
6655
6656
6660
6666
6672
6673
6677
6678
668
6688
669
6718
6719
673
6745
675
6751
6754
677
6778
6779
6805
6809
6817
6819
6823
6824
6828
6830
6831
6833
6835
6836
6837
684
6842
6847
685
6853
6858
687
6871
688
6884
6885
6887
6888
689
6892
6893
6894
6911
6927
7
70
7045
7057
7058
7065
7066
7069
7076
7082
7083
7085
7088
7092
7108
7112
7118
7125
7135
7169
7196
7197
7209
7223
7226
7233
7238
7248
726
727
7287
7292
7294
7299
73
7309
7310
7313
7319
733
7330
7336
7341
7351
7380
7386
7395
74
7405
7407
7431
7438
7448
7450
7460
7479
7495
750
7501
7503
7508
751
7514
752
7523
7544
7546
7551
7557
7560
7599
7607
7608
7619
7630
7633
7651
7652
7653
7656
766
7661
7666
7669
767
7674
7683
7688
7690
7699
77
7711
7712
7713
7718
7732
7739
7749
7751
7761
7766
7770
7777
778
7784
7789
7790
7793
7796
7798
78
7801
781
7810
7821
7833
7838
7841
7844
7846
7850
7857
7859
7861
7862
7869
7885
7887
7899
7905
7906
7907
791
7913
7914
7930
7931
7933
7935
7936
7942
7944
7946
7947
7948
7961
7965
7967
797
7971
7972
7999
8
8001
8002
8006
8010
8011
8025
803
8040
8046
8049
8050
8068
8070
8076
8078
8079
8080
8086
809
8111
8114
8117
8120
8125
8128
813
8136
8137
8145
8148
8161
8168
8172
8173
8174
8175
8177
8178
818
8182
8186
8189
820
8207
8209
8218
8221
8224
8226
8243
8249
8250
8251
8252
8254
8263
8265
8266
827
8271
8272
8274
8275
8276
8277
829
8293
8296
83
8303
8313
8317
8318
8326
833
834
8343
8358
8364
839
84
8402
8411
8415
8439
8444
845
8456
8458
8459
8470
8481
8493
8500
8501
8506
8507
8508
851
8515
8517
8519
8557
856
8561
8564
8577
858
859
8591
8613
8616
8623
8625
8641
8643
8655
8658
8666
8677
868
8685
8687
8690
8695
8696
8703
8719
8727
8728
8730
8731
8734
8737
8744
8745
8746
8750
8752
8753
8755
878
8793
8798
8801
8814
8820
8824
8832
8836
8839
8853
8854
8855
8856
8857
8863
8865
8867
8868
8869
887
8871
8872
8874
8875
8876
8879
8881
8882
8884
889
893
896
8968
8969
8985
8986
8989
899
8990
8997
9
9002
9016
902
903
9031
904
9041
9042
905
9053
9054
906
9061
9062
9066
907
9079
9084
9086
9089
909
9098
9100
9107
9108
9113
9117
9118
9122
9125
9127
9128
913
9131
9144
9148
9168
9170
9180
9183
92
9200
9234
9246
9253
9274
9289
9290
9291
9296
93
9315
9317
9321
9322
9327
9329
9345
9348
9363
9368
9370
9374
9389
94
9405
9406
9407
9412
9419
9427
9428
9430
9434
9443
9448
9450
9456
9484
9503
9504
9512
9513
9515
9534
9544
9557
9564
9565
9573
9574
9575
9576
9585
9586
9588
9589
9593
9594
9595
9596
9597
9599
9600
9636
9637
9638
9648
9656
9659
9663
9664
9665
9671
9695
9698
97
9701
9703
9704
9708
9719
9721
9728
9729
973
9748
975
9752
9765
9769
9774
978
9785
9790
9791
9794
9795
9797
98
980
9800
9804
9810
9812
9815
9818
982
9823
9825
9826
9827
9828
9829
983
9830
9831
9832
9835
9836
9837
984
985
9850
9871
9877
988
9882
9885
9886
9887
9895
99
9905
9912
9918
9925
9927
9932
9941
9942
9948
9951
9953
9958
9970
9975
9996
