1359
2 0 0
0 1 1
0 1 0
1 3 10012
2 1 0
1 5 10022
0 1 0
1 3 10031
0 1 0
1 3 10034
0 1 0
1 5 10035
0 1 0
1 3 10049
0 1 0
1 5 10055
0 1 0
2 3 10056
1 1 1
0 1 0
2 3 10084
0 1 1
0 1 0
5 5 10092
0 3 1 2 4 
0 2 0 4 
0 3 0 3 4 
0 2 2 4 
0 4 0 1 2 3 
2 5 10095
9 1 1
1 1 0
1 9 101
0 1 0
1 5 10136
0 1 0
4 9 10184
12 3 1 2 3 
12 3 0 2 3 
12 3 0 1 3 
12 3 0 1 2 
1 3 10221
0 1 0
2 5 10222
0 1 1
0 1 0
1 9 10236
12 1 0
2 5 10237
0 1 1
0 1 0
2 5 10238
0 1 1
0 1 0
3 5 10239
0 2 1 2
0 2 0 2
0 2 0 1
3 3 10248
0 2 1 2
12 2 0 2
0 2 0 1
1 9 10256
9 1 0
9 3 10258
0 5 1 2 4 5 6 
1 4 0 5 6 8 
5 5 0 3 4 7 8 
0 3 2 4 8 
0 5 0 2 3 6 8 
0 2 0 1 
0 4 0 1 4 8 
0 2 2 8 
0 6 1 2 3 4 6 7 
1 5 10259
1 1 0
1 7 10261
2 1 0
11 9 10265
9 4 2 3 5 9 
9 3 2 5 8 
9 3 0 1 5 
9 3 0 5 9 
0 4 6 7 8 10 
9 7 0 1 2 3 8 9 10 
9 3 4 9 10 
0 3 4 8 10 
9 5 1 4 5 7 10 
0 5 0 3 5 6 10 
4 6 4 5 6 7 8 9 
7 3 10266
0 3 3 5 6 
0 5 2 3 4 5 6 
6 3 1 4 6 
2 4 0 1 5 6 
0 2 1 2 
0 4 0 1 3 6 
0 5 0 1 2 3 5 
1 9 10268
9 1 0
3 5 10274
2 2 1 2
0 2 0 2
0 2 0 1
4 5 10275
14 3 1 2 3 
0 3 0 2 3 
0 2 0 1 
0 2 0 1 
1 4 10280
4 1 0
6 3 10362
9 2 1 5 
9 3 0 3 5 
0 3 3 4 5 
12 4 1 2 4 5 
9 3 2 3 5 
9 5 0 1 2 3 4 
1 3 10363
0 1 0
3 3 10364
0 2 1 2
13 2 0 2
5 2 0 1
10 3 10365
5 5 1 4 5 7 9 
5 5 0 6 7 8 9 
0 5 3 4 5 6 9 
0 3 2 5 6 
0 4 0 2 5 9 
0 4 0 2 3 4 
0 6 1 2 3 7 8 9 
0 4 0 1 6 8 
0 3 1 6 7 
0 5 0 1 2 4 6 
2 5 10367
0 1 1
9 1 0
1 7 10369
0 1 0
2 3 10375
1 1 1
5 1 0
1 3 10440
0 1 0
1 3 10454
0 1 0
1 5 10534
0 1 0
4 5 10556
0 2 2 3 
14 2 2 3 
1 3 0 1 3 
0 3 0 1 2 
2 5 10568
0 1 1
0 1 0
1 5 10603
0 1 0
1 3 10619
2 1 0
2 3 10648
1 1 1
0 1 0
6 3 10650
0 2 2 5 
0 3 2 3 4 
0 5 0 1 3 4 5 
0 4 1 2 4 5 
0 4 1 2 3 5 
0 4 0 2 3 4 
4 5 10678
0 2 1 3 
0 3 0 2 3 
0 2 1 3 
0 3 0 1 2 
1 3 10680
2 1 0
1 5 10714
0 1 0
1 5 10717
0 1 0
1 3 10718
0 1 0
2 3 10734
0 1 1
0 1 0
3 5 10736
5 2 1 2
1 2 0 2
0 2 0 1
1 5 10737
0 1 0
3 5 10754
1 2 1 2
0 2 0 2
0 2 0 1
2 3 10755
0 1 1
0 1 0
1 5 10759
5 1 0
1 9 10810
0 1 0
1 3 10814
1 1 0
1 5 10823
14 1 0
1 5 10833
14 1 0
6 3 10835
0 5 1 2 3 4 5 
0 4 0 2 4 5 
0 3 0 1 5 
5 2 0 5 
1 3 0 1 5 
1 5 0 1 2 3 4 
4 5 10845
5 3 1 2 3 
0 3 0 2 3 
14 2 0 1 
1 2 0 1 
1 5 10862
0 1 0
1 3 10869
0 1 0
2 5 10870
5 1 1
0 1 0
1 5 10872
14 1 0
1 5 10878
0 1 0
1 5 10880
14 1 0
1 5 10886
0 1 0
2 5 10895
0 1 1
0 1 0
1 5 10896
4 1 0
1 5 10904
0 1 0
1 5 10905
1 1 0
1 5 10906
0 1 0
1 5 10915
14 1 0
1 5 10926
0 1 0
1 5 10934
0 1 0
1 5 10937
0 1 0
1 5 10938
0 1 0
1 5 10942
0 1 0
1 5 10949
0 1 0
1 5 10956
9 1 0
1 5 10961
14 1 0
3 3 1105
0 2 1 2
0 2 0 2
0 2 0 1
4 3 11107
12 3 1 2 3 
0 3 0 2 3 
5 3 0 1 3 
1 3 0 1 2 
4 3 11108
0 2 1 2 
12 3 0 2 3 
0 3 0 1 3 
0 2 1 2 
105 3 11111
5 5 37 40 44 87 103 
0 5 4 13 21 33 77 
0 3 10 17 64 
0 6 4 18 29 33 38 83 
0 7 1 3 16 21 29 33 43 
0 5 29 71 83 93 101 
0 6 15 20 31 55 82 96 
0 3 25 68 92 
0 7 17 41 45 64 79 90 91 
0 7 38 44 58 60 67 69 83 
0 7 2 17 57 62 64 82 91 
0 6 47 48 62 70 79 91 
0 8 26 42 65 66 67 74 78 80 
1 7 1 21 40 51 77 95 100 
5 4 76 88 97 102 
0 5 6 17 20 82 90 
0 5 4 29 34 43 81 
0 7 2 8 10 15 64 82 90 
5 5 3 33 38 69 77 
0 5 20 28 31 68 92 
0 6 6 15 19 31 68 90 
9 6 1 4 13 27 43 51 
1 4 36 42 73 86 
0 5 65 75 94 98 104 
1 6 39 46 69 72 77 100 
0 6 7 35 68 71 92 99 
2 7 12 36 42 52 54 73 74 
0 8 21 34 43 51 76 86 90 99 
0 5 19 31 53 55 92 
0 7 3 4 5 16 81 83 93 
0 5 61 62 67 84 104 
0 5 6 19 20 28 55 
0 6 50 59 63 66 86 94 
0 5 1 3 4 18 77 
0 5 16 27 43 81 99 
0 5 25 71 81 93 99 
0 4 22 26 42 73 
5 4 0 40 100 103 
0 5 3 9 18 69 83 
2 4 24 60 72 100 
0 7 0 13 37 87 95 100 102 
0 5 8 45 47 56 79 
0 5 12 22 26 36 67 
0 5 4 16 21 27 34 
5 4 0 9 60 103 
0 6 8 41 56 59 85 90 
5 3 24 69 72 
0 5 11 41 48 56 79 
0 6 11 47 56 70 94 98 
0 4 53 83 92 101 
0 4 32 63 66 78 
0 5 13 21 27 76 95 
0 5 26 54 63 74 80 
0 7 28 49 55 61 67 83 92 
0 5 26 52 63 73 86 
0 6 6 28 31 53 61 96 
0 6 41 45 47 48 59 94 
0 5 10 61 62 82 96 
0 4 9 60 69 72 
0 7 32 45 56 85 86 89 94 
5 7 9 39 44 58 72 100 103 
4 7 30 53 55 57 62 67 96 
0 8 10 11 30 57 61 70 84 91 
0 7 32 50 52 54 78 80 86 
0 5 2 8 10 17 91 
0 6 12 23 66 67 94 104 
0 6 12 32 50 65 78 94 
0 9 9 12 30 42 53 61 65 83 104 
0 7 7 19 20 25 90 92 99 
5 8 9 18 24 38 46 58 72 77 
0 6 11 48 62 75 84 98 
0 6 5 25 35 92 93 101 
1 6 24 39 46 58 60 69 
2 5 22 26 36 54 86 
0 4 12 26 52 80 
0 5 23 70 84 98 104 
0 7 14 27 51 86 88 95 102 
5 7 1 13 18 24 33 69 100 
5 5 12 50 63 66 80 
0 5 8 11 41 47 91 
5 5 12 52 63 74 78 
0 6 16 29 34 35 93 99 
0 6 6 10 15 17 57 96 
0 9 3 5 9 29 38 49 53 67 101 
0 5 30 62 70 75 104 
0 5 45 59 86 89 90 
5 12 22 27 32 54 59 63 73 76 85 88 89 90 
0 5 0 40 88 97 102 
0 5 14 76 86 87 97 
0 3 59 85 86 
0 10 8 15 17 20 27 45 68 85 86 99 
0 6 8 10 11 62 64 79 
0 9 7 19 25 28 49 53 68 71 101 
0 5 5 29 35 71 81 
0 8 23 32 48 56 59 65 66 98 
1 5 13 40 51 76 102 
0 5 6 55 57 61 82 
5 4 14 87 88 102 
0 5 23 48 70 75 94 
0 7 25 27 34 35 68 81 90 
0 8 13 24 37 39 40 60 77 103 
0 5 5 49 71 83 92 
5 6 14 40 76 87 95 97 
1 5 0 37 44 60 100 
0 6 23 30 65 67 75 84 
5 3 11112
2 4 1 2 3 4 
0 4 0 2 3 4 
0 3 0 1 3 
5 4 0 1 2 4 
2 3 0 1 3 
2 5 11117
0 1 1
0 1 0
5 9 11133
12 4 1 2 3 4 
12 4 0 2 3 4 
12 3 0 1 4 
7 3 0 1 4 
12 4 0 1 2 3 
1 4 11164
4 1 0
1 5 11214
0 1 0
1 5 11217
0 1 0
1 5 11223
0 1 0
1 3 11244
0 1 0
2 5 1126
9 1 1
1 1 0
1 9 11273
9 1 0
2 3 1128
0 1 1
0 1 0
1 5 11281
0 1 0
10 5 11287
0 3 1 2 6 
0 4 0 4 6 7 
0 5 0 5 6 8 9 
0 3 5 8 9 
0 3 1 6 7 
0 3 2 3 9 
0 6 0 1 2 4 7 8 
0 3 1 4 6 
0 4 2 3 6 9 
0 4 2 3 5 8 
1 5 1131
14 1 0
6 3 1132
0 3 1 2 5 
0 3 0 2 5 
1 4 0 1 4 5 
9 2 4 5 
0 3 2 3 5 
0 5 0 1 2 3 4 
1 3 11431
1 1 0
1 5 1148
9 1 0
2 5 1150
0 1 1
0 1 0
1 3 1155
0 1 0
1 5 11550
12 1 0
6 3 11572
1 4 2 3 4 5 
0 3 3 4 5 
0 3 0 3 4 
0 5 0 1 2 4 5 
0 4 0 1 2 3 
0 3 0 1 3 
2 5 11626
0 1 1
0 1 0
1 5 11630
0 1 0
8 3 11632
0 4 1 3 5 6 
0 5 0 3 5 6 7 
0 3 4 5 7 
1 5 0 1 4 6 7 
0 3 2 3 7 
1 4 0 1 2 7 
0 3 0 1 3 
5 5 1 2 3 4 5 
6 5 11633
1 4 1 2 3 5 
0 3 0 3 4 
5 3 0 3 5 
0 5 0 1 2 4 5 
1 2 1 3 
0 3 0 2 3 
1 5 11635
0 1 0
1 5 11639
14 1 0
2 5 11640
0 1 1
0 1 0
1 5 11649
12 1 0
2 5 11650
0 1 1
0 1 0
3 5 11651
1 2 1 2
0 2 0 2
0 2 0 1
1 5 11662
0 1 0
5 5 11670
0 4 1 2 3 4 
0 3 0 2 3 
1 4 0 1 3 4 
0 4 0 1 2 4 
0 3 0 2 3 
1 5 11683
0 1 0
2 5 11691
0 1 1
0 1 0
3 5 11693
0 2 1 2
0 2 0 2
0 2 0 1
2 3 11705
0 1 1
1 1 0
1 5 11757
0 1 0
2 5 11776
0 1 1
0 1 0
2 5 11860
0 1 1
12 1 0
1 9 1191
9 1 0
1 9 11944
9 1 0
1 9 11945
9 1 0
1 5 11968
12 1 0
3 5 12005
0 2 1 2
0 2 0 2
0 2 0 1
4 3 12027
9 3 1 2 3 
9 2 0 2 
0 3 0 1 3 
2 2 0 2 
2 5 12028
0 1 1
1 1 0
1 3 12039
0 1 0
1 3 12040
5 1 0
3 3 12099
0 2 1 2
5 2 0 2
1 2 0 1
14 3 12102
0 4 1 5 11 12 
0 4 0 4 5 11 
0 5 3 6 7 8 9 
0 3 2 6 7 
1 5 1 5 7 9 13 
1 7 0 1 4 8 10 12 13 
0 6 2 3 8 10 11 12 
0 4 2 3 4 9 
0 6 2 5 6 9 10 13 
0 5 2 4 7 8 13 
0 4 5 6 8 12 
0 4 0 1 6 12 
5 5 0 5 6 10 11 
5 4 4 5 8 9 
1 5 12133
0 1 0
1 5 12147
1 1 0
1 5 12148
0 1 0
1 5 12167
0 1 0
2 5 12168
1 1 1
0 1 0
1 5 12240
14 1 0
1 3 12263
5 1 0
1 7 1228
0 1 0
1 5 12287
0 1 0
1 5 12292
9 1 0
1 5 12304
9 1 0
1 5 12305
9 1 0
4 5 12306
0 2 1 3 
1 3 0 2 3 
0 2 1 3 
0 3 0 1 2 
2 5 12310
0 1 1
0 1 0
5 5 12311
0 4 1 2 3 4 
14 3 0 3 4 
1 2 0 4 
0 3 0 1 4 
5 4 0 1 2 3 
3 5 12312
9 2 1 2
0 2 0 2
0 2 0 1
1 5 12313
0 1 0
6 5 12314
1 5 1 2 3 4 5 
0 3 0 2 4 
0 4 0 1 4 5 
0 2 0 5 
5 3 0 1 2 
0 3 0 2 3 
3 5 12315
0 2 1 2
0 2 0 2
0 2 0 1
3 5 12320
0 2 1 2
0 2 0 2
0 2 0 1
2 5 12323
0 1 1
0 1 0
7 5 12325
1 2 1 6 
0 6 0 2 3 4 5 6 
0 4 1 3 4 6 
5 3 1 2 4 
0 5 1 2 3 5 6 
5 3 1 4 6 
1 5 0 1 2 4 5 
1 5 12330
0 1 0
3 5 12340
9 2 1 2
0 2 0 2
0 2 0 1
1 5 12343
0 1 0
1 5 12344
0 1 0
1 5 12346
0 1 0
2 5 12348
0 1 1
0 1 0
1 5 12371
0 1 0
2 5 12376
1 1 1
0 1 0
1 5 12384
0 1 0
2 3 12385
1 1 1
5 1 0
1 5 12387
0 1 0
4 5 12388
0 3 1 2 3 
0 3 0 2 3 
1 2 0 1 
0 2 0 1 
1 3 12422
0 1 0
1 7 125
2 1 0
1 3 12508
0 1 0
2 3 12526
0 1 1
1 1 0
5 3 12571
0 3 1 2 3 
0 4 0 2 3 4 
0 4 0 1 3 4 
0 4 0 1 2 4 
0 3 1 2 3 
6 3 12572
2 5 1 2 3 4 5 
0 3 0 2 4 
4 4 0 1 3 4 
1 4 0 2 4 5 
0 4 0 1 2 3 
0 2 0 3 
1 5 12584
0 1 0
1 3 12585
0 1 0
1 3 12586
0 1 0
1 3 12587
0 1 0
3 3 12588
0 2 1 2
0 2 0 2
0 2 0 1
1 5 12689
1 1 0
1 5 12756
0 1 0
1 5 12760
0 1 0
2 3 12796
1 1 1
0 1 0
16 3 1284
0 3 6 8 9 
12 4 4 9 13 14 
0 5 3 5 6 9 13 
0 7 2 5 6 7 11 12 15 
12 3 1 9 14 
0 4 2 3 12 13 
0 6 0 2 3 8 9 11 
4 4 3 10 11 15 
0 3 0 6 9 
0 7 0 1 2 4 6 8 13 
1 3 7 12 15 
0 3 3 6 7 
9 4 3 5 10 15 
0 5 1 2 5 9 14 
5 3 1 4 13 
0 4 3 7 10 12 
2 9 1289
9 1 1
12 1 0
2 9 129
2 1 1
12 1 0
1 4 130
9 1 0
1 3 13034
0 1 0
1 7 13035
0 1 0
1 5 13042
0 1 0
1 3 1306
0 1 0
18 5 13123
0 6 1 5 6 9 15 16 
0 7 0 4 5 8 12 15 17 
0 4 6 7 13 17 
0 4 8 10 11 14 
0 5 1 5 8 9 14 
0 4 0 1 4 9 
1 5 0 2 7 15 16 
0 4 2 6 13 15 
0 6 1 3 4 10 11 14 
0 6 0 4 5 10 14 16 
0 5 3 8 9 11 14 
0 3 3 8 10 
0 3 1 15 17 
12 4 2 7 15 17 
0 5 3 4 8 9 10 
0 7 0 1 6 7 12 13 17 
0 3 0 6 9 
0 5 1 2 12 13 15 
1 3 1316
1 1 0
2 3 1319
5 1 1
9 1 0
1 5 13193
21 1 0
1 3 1320
0 1 0
1 3 1321
0 1 0
3 3 1322
0 2 1 2
5 2 0 2
0 2 0 1
1 3 13245
1 1 0
1 5 13268
1 1 0
1 7 13289
0 1 0
1 5 13300
0 1 0
4 3 1336
5 3 1 2 3 
5 2 0 2 
0 3 0 1 3 
1 2 0 2 
8 3 1337
6 4 1 3 4 5 
0 3 0 3 5 
0 2 6 7 
0 4 0 1 4 6 
0 4 0 3 5 6 
0 5 0 1 4 6 7 
0 5 2 3 4 5 7 
1 3 2 5 6 
5 3 1338
0 3 1 2 4 
0 3 0 3 4 
9 3 0 3 4 
1 3 1 2 4 
5 4 0 1 2 3 
1 5 13386
0 1 0
11 5 1339
0 2 1 10 
0 4 0 4 5 10 
0 3 3 6 7 
0 4 2 4 7 9 
0 6 1 3 5 7 9 10 
0 4 1 4 7 8 
0 3 2 7 8 
0 6 2 3 4 5 6 8 
0 3 5 6 7 
0 3 3 4 10 
0 4 0 1 4 9 
5 5 1340
0 4 1 2 3 4 
0 4 0 2 3 4 
0 3 0 1 3 
0 3 0 1 2 
0 2 0 1 
5 3 1342
0 2 3 4 
0 3 2 3 4 
0 2 1 3 
0 4 0 1 2 4 
0 3 0 1 3 
2 5 1343
5 1 1
0 1 0
1 3 13431
0 1 0
29 3 1345
5 7 4 8 13 14 16 19 24 
0 3 11 12 21 
0 3 15 23 26 
0 4 5 6 15 23 
0 3 0 13 24 
0 10 3 6 7 8 10 17 18 19 23 27 
0 5 3 5 8 15 16 
0 5 5 11 12 17 18 
0 5 0 5 6 16 19 
0 5 12 17 20 21 22 
0 4 5 19 27 28 
0 5 1 7 12 17 21 
0 8 1 7 9 11 18 21 22 26 
5 5 0 4 14 24 25 
0 3 0 13 16 
0 4 2 3 6 23 
0 4 0 6 8 14 
0 7 5 7 9 11 20 21 27 
0 5 5 7 12 23 26 
0 7 0 5 8 10 24 25 28 
0 6 9 17 22 25 27 28 
0 5 1 9 11 12 17 
0 3 9 12 20 
0 6 2 3 5 15 18 26 
5 5 0 4 13 19 25 
0 5 13 19 20 24 28 
0 4 2 12 18 23 
0 5 5 10 17 20 28 
0 5 10 19 20 25 27 
3 5 13457
0 2 1 2
0 2 0 2
2 2 0 1
30 3 1346
0 6 1 3 6 7 9 29 
0 6 0 9 17 23 24 29 
0 5 10 15 16 20 25 
5 6 0 4 6 7 11 29 
0 4 3 6 11 18 
0 4 14 15 19 25 
0 6 0 3 4 9 18 21 
0 3 0 3 29 
0 7 15 19 20 22 24 27 29 
0 6 0 1 6 17 21 28 
0 4 2 13 16 20 
0 6 3 4 13 18 22 29 
0 5 14 17 21 23 26 
0 6 10 11 16 18 20 22 
0 5 5 12 19 23 27 
0 6 2 5 8 19 20 25 
0 4 2 10 13 25 
0 6 1 9 12 23 26 28 
0 4 4 6 11 13 
0 5 5 8 14 15 27 
0 6 2 8 10 13 15 22 
0 5 6 9 12 26 28 
0 5 8 11 13 20 29 
0 6 1 12 14 17 24 27 
0 5 1 8 23 27 29 
0 4 2 5 15 16 
5 4 12 17 21 28 
0 5 8 14 19 23 24 
0 4 9 17 21 26 
0 8 0 1 3 7 8 11 22 24 
16 3 1347
0 6 1 2 5 6 7 8 
0 5 0 2 7 9 10 
0 5 0 1 3 6 9 
0 8 2 6 8 9 11 12 14 15 
0 4 11 12 13 15 
0 3 0 8 13 
0 4 0 2 3 8 
0 3 0 1 10 
0 6 0 3 5 6 12 13 
6 5 1 2 3 10 14 
9 3 1 7 9 
6 4 3 4 12 15 
0 5 3 4 8 11 13 
0 4 4 5 8 12 
0 3 3 9 15 
0 4 3 4 11 14 
10 3 1348
0 5 3 4 6 7 9 
0 4 2 4 6 8 
0 2 1 6 
0 3 0 4 6 
0 7 0 1 3 5 6 7 8 
6 2 4 8 
0 5 0 1 2 3 4 
0 3 0 4 9 
0 3 1 4 5 
0 2 0 7 
18 3 1349
12 4 3 10 14 16 
0 6 2 3 9 10 11 12 
0 4 1 6 10 12 
0 4 0 1 10 14 
0 4 5 7 13 16 
0 5 4 6 7 8 10 
0 6 2 5 8 10 12 17 
0 4 4 5 10 16 
0 3 5 6 17 
0 2 1 11 
4 8 0 1 2 3 5 6 7 16 
0 3 1 9 12 
0 5 1 2 6 11 17 
0 3 4 15 16 
0 4 0 3 15 16 
0 3 13 14 16 
12 7 0 4 7 10 13 14 15 
0 3 6 8 12 
22 3 1350
0 5 6 11 13 18 21 
0 4 9 11 18 21 
0 3 10 16 20 
0 4 4 10 12 15 
0 2 3 12 
0 4 9 12 13 17 
0 5 0 7 13 17 21 
0 3 6 17 19 
0 4 10 12 14 15 
0 5 1 5 11 13 21 
0 7 2 3 8 12 15 16 17 
6 5 0 1 9 13 18 
0 8 3 4 5 8 10 14 15 17 
0 6 0 5 6 9 11 17 
0 3 8 12 15 
0 5 3 8 10 12 14 
0 5 2 10 17 19 20 
0 8 5 6 7 10 12 13 16 19 
0 4 0 1 11 21 
1 3 7 16 17 
0 2 2 16 
0 5 0 1 6 9 18 
1 3 1352
0 1 0
1 5 13532
0 1 0
1 3 1356
0 1 0
2 5 1357
0 1 1
5 1 0
2 5 1359
0 1 1
0 1 0
1 5 13600
1 1 0
1 7 13609
9 1 0
1 7 13624
2 1 0
1 9 13652
2 1 0
2 5 13670
1 1 1
0 1 0
1 5 13681
0 1 0
1 3 1369
13 1 0
9 5 1370
0 5 1 2 5 7 8 
0 7 0 3 4 5 6 7 8 
0 6 0 3 4 5 6 7 
0 3 1 2 4 
0 4 1 2 3 7 
0 4 0 1 2 6 
0 3 1 2 5 
0 5 0 1 2 4 8 
0 3 0 1 7 
1 5 13709
9 1 0
1 5 13713
0 1 0
3 3 1373
0 2 1 2
0 2 0 2
0 2 0 1
1 5 13754
0 1 0
1 9 1377
9 1 0
1 5 1378
2 1 0
4 5 13836
0 3 1 2 3 
12 3 0 2 3 
1 3 0 1 3 
0 3 0 1 2 
2 5 13837
0 1 1
0 1 0
1 5 13838
0 1 0
3 3 13841
0 2 1 2
0 2 0 2
6 2 0 1
3 3 13844
5 2 1 2
0 2 0 2
0 2 0 1
3 5 13845
5 2 1 2
5 2 0 2
0 2 0 1
1 5 13847
14 1 0
2 5 13848
13 1 1
5 1 0
5 5 1385
0 4 1 2 3 4 
1 3 0 3 4 
0 2 0 4 
0 3 0 1 4 
2 4 0 1 2 3 
1 5 13851
12 1 0
3 5 13853
0 2 1 2
0 2 0 2
13 2 0 1
6 3 13854
0 4 1 2 3 5 
5 3 0 2 5 
0 4 0 1 3 4 
0 4 0 2 4 5 
0 3 2 3 5 
1 4 0 1 3 4 
1 5 13855
0 1 0
2 3 13857
0 1 1
5 1 0
3 3 13868
0 2 1 2
0 2 0 2
9 2 0 1
11 5 1387
0 4 4 6 7 8 
0 3 3 8 9 
0 4 3 5 8 10 
0 4 1 2 8 10 
0 3 0 7 8 
0 3 2 8 10 
5 4 0 7 8 10 
0 4 0 4 6 8 
0 10 0 1 2 3 4 5 6 7 9 10 
5 2 1 8 
0 5 2 3 5 6 8 
1 5 13878
1 1 0
2 5 1388
0 1 1
0 1 0
1 5 13881
0 1 0
1 5 13884
0 1 0
2 5 13887
0 1 1
2 1 0
1 5 13888
5 1 0
3 5 13893
0 2 1 2
1 2 0 2
1 2 0 1
1 5 13895
5 1 0
2 5 1390
0 1 1
0 1 0
3 3 13903
1 2 1 2
0 2 0 2
0 2 0 1
1 5 1391
0 1 0
1 9 13912
2 1 0
3 9 13915
11 2 1 2
4 2 0 2
11 2 0 1
1 5 1392
1 1 0
2 5 1393
0 1 1
0 1 0
3 5 1394
0 2 1 2
0 2 0 2
0 2 0 1
1 5 1395
1 1 0
2 5 1396
1 1 1
5 1 0
1 5 13967
9 1 0
4 5 1397
0 2 1 3 
0 3 0 2 3 
0 2 1 3 
0 3 0 1 2 
2 5 13970
0 1 1
0 1 0
1 5 13971
0 1 0
1 5 13972
9 1 0
1 0 14
0 1 0
1 9 1400
9 1 0
4 5 1401
0 3 1 2 3 
0 3 0 2 3 
0 3 0 1 3 
0 3 0 1 2 
6 5 1402
0 3 3 4 5 
5 2 2 5 
0 4 1 3 4 5 
0 3 0 2 4 
0 4 0 2 3 5 
0 4 0 1 2 4 
3 5 14029
12 2 1 2
12 2 0 2
12 2 0 1
10 5 1403
0 4 1 2 5 8 
0 4 0 2 4 7 
0 8 0 1 3 5 6 7 8 9 
0 4 2 4 6 9 
0 4 1 3 6 7 
5 3 0 2 8 
0 4 2 3 4 7 
0 4 1 2 4 6 
0 3 0 2 5 
0 2 2 3 
12 5 1404
0 2 2 5 
0 2 3 9 
9 6 0 5 6 7 9 10 
0 3 1 9 11 
5 3 5 6 9 
0 8 0 2 4 6 8 9 10 11 
5 6 2 4 5 7 8 9 
0 4 2 6 8 10 
0 4 5 6 7 10 
0 7 1 2 3 4 5 6 11 
0 4 2 5 7 8 
0 3 3 5 9 
6 5 1405
0 3 1 4 5 
0 4 0 2 4 5 
0 3 1 3 4 
0 2 2 4 
14 5 0 1 2 3 5 
1 3 0 1 4 
5 5 1406
1 3 1 3 4 
0 4 0 2 3 4 
0 3 1 3 4 
0 4 0 1 2 4 
0 4 0 1 2 3 
5 5 1407
0 4 1 2 3 4 
9 3 0 3 4 
0 2 0 3 
0 3 0 1 2 
0 2 0 1 
15 5 1408
0 5 1 3 7 8 10 
0 4 0 3 6 7 
0 5 4 5 6 11 12 
13 6 0 1 4 6 10 12 
0 4 2 3 6 12 
0 3 2 6 11 
0 7 1 2 3 4 5 7 13 
0 5 0 1 6 8 13 
0 4 0 7 9 13 
0 3 8 13 14 
0 3 0 3 12 
1 2 2 5 
0 4 2 3 4 10 
0 5 6 7 8 9 14 
0 2 9 13 
7 5 1409
0 6 1 2 3 4 5 6 
0 3 0 2 5 
5 5 0 1 4 5 6 
0 2 0 4 
0 3 0 2 3 
0 4 0 1 2 6 
1 3 0 2 5 
2 5 14092
0 1 1
0 1 0
4 5 1411
0 3 1 2 3 
0 3 0 2 3 
0 2 0 1 
0 2 0 1 
4 3 1412
9 3 1 2 3 
0 3 0 2 3 
6 2 0 1 
6 2 0 1 
3 5 1415
0 2 1 2
9 2 0 2
0 2 0 1
1 5 14158
0 1 0
1 3 1416
9 1 0
1 5 1417
1 1 0
3 5 1418
0 2 1 2
0 2 0 2
0 2 0 1
2 5 1419
0 1 1
0 1 0
11 5 1420
0 4 6 7 9 10 
0 4 3 7 9 10 
0 4 5 6 8 9 
0 2 1 7 
0 2 5 8 
0 4 2 4 6 8 
0 5 0 2 5 7 9 
5 5 0 1 3 6 10 
9 4 2 4 5 9 
0 6 0 1 2 6 8 10 
0 4 0 1 7 9 
6 5 1421
0 2 1 4 
0 3 0 3 4 
0 2 3 5 
0 4 1 2 4 5 
0 4 0 1 3 5 
0 3 2 3 4 
4 5 1422
0 2 1 2 
0 3 0 2 3 
0 3 0 1 3 
0 2 1 2 
1 5 14222
0 1 0
1 5 14227
14 1 0
1 7 14229
0 1 0
5 5 1423
6 2 1 2 
0 3 0 2 3 
1 4 0 1 3 4 
0 3 1 2 4 
0 2 2 3 
1 7 14230
0 1 0
1 5 1424
0 1 0
11 5 1425
9 5 1 2 3 6 9 
0 3 0 2 6 
0 3 0 1 3 
9 5 0 2 5 7 9 
0 3 5 8 10 
0 4 3 4 7 8 
0 3 0 1 9 
0 5 3 5 8 9 10 
0 4 4 5 7 10 
0 5 0 3 6 7 10 
0 4 4 7 8 9 
2 5 1426
0 1 1
0 1 0
9 5 1427
0 3 4 5 8 
0 4 2 3 5 8 
0 5 1 3 4 7 8 
0 5 1 2 5 6 7 
0 5 0 2 6 7 8 
0 4 0 1 3 8 
0 3 3 4 7 
5 4 2 3 4 6 
0 5 0 1 2 4 5 
4 5 1428
1 3 1 2 3 
5 3 0 2 3 
0 3 0 1 3 
0 3 0 1 2 
4 5 1429
5 3 1 2 3 
0 3 0 2 3 
0 3 0 1 3 
5 3 0 1 2 
5 5 1430
0 3 2 3 4 
0 3 2 3 4 
0 3 0 1 3 
0 4 0 1 2 4 
14 3 0 1 3 
1 5 1431
0 1 0
2 3 14316
0 1 1
0 1 0
2 3 14319
4 1 1
0 1 0
6 5 1432
5 4 2 3 4 5 
0 3 3 4 5 
0 3 0 3 5 
0 5 0 1 2 4 5 
0 4 0 1 3 5 
0 5 0 1 2 3 4 
5 5 1433
0 3 1 2 4 
5 4 0 2 3 4 
0 3 0 1 3 
0 3 1 2 4 
0 3 0 1 3 
1 5 14343
12 1 0
1 3 14378
0 1 0
1 3 14379
0 1 0
10 3 1440
0 3 1 6 8 
0 4 0 2 5 8 
0 4 1 3 5 8 
0 4 2 5 7 8 
0 4 6 7 8 9 
9 5 1 2 3 7 9 
0 3 0 4 8 
0 5 3 4 5 8 9 
0 7 0 1 2 3 4 6 7 
0 3 4 5 7 
7 3 1441
0 2 2 6 
0 4 2 3 4 5 
6 5 0 1 4 5 6 
0 4 1 4 5 6 
0 4 1 2 3 6 
0 3 1 2 3 
0 4 0 2 3 4 
1 5 1442
0 1 0
4 3 14424
1 3 1 2 3 
6 2 0 3 
0 2 0 3 
0 3 0 1 2 
3 3 1443
0 2 1 2
0 2 0 2
6 2 0 1
2 3 14442
0 1 1
0 1 0
1 3 14443
0 1 0
5 5 14454
0 3 1 3 4 
0 4 0 2 3 4 
0 2 1 3 
0 3 0 1 2 
0 2 0 1 
4 3 14486
0 2 1 2 
0 3 0 2 3 
0 3 0 1 3 
0 2 1 2 
1 5 14488
0 1 0
1 9 145
7 1 0
1 5 14555
14 1 0
21 3 1456
0 7 2 4 12 13 17 18 20 
5 5 3 5 9 10 16 
6 5 0 5 8 17 18 
0 5 1 5 9 11 13 
0 4 0 6 9 13 
9 8 1 2 3 8 11 14 16 18 
0 2 4 9 
0 4 10 14 15 19 
5 4 2 5 14 17 
0 5 1 3 4 6 13 
0 5 1 7 15 16 19 
0 4 3 5 13 18 
1 4 0 14 17 20 
0 6 0 3 4 9 11 18 
12 8 5 7 8 12 15 16 17 20 
0 4 7 10 14 16 
6 5 1 5 10 14 15 
5 5 0 2 8 12 14 
0 5 0 2 5 11 13 
0 2 7 10 
5 3 0 12 14 
3 3 1457
1 2 1 2
0 2 0 2
0 2 0 1
2 5 1458
0 1 1
0 1 0
4 5 1459
0 2 1 3 
5 3 0 2 3 
9 2 1 3 
9 3 0 1 2 
1 3 14591
0 1 0
1 5 14597
0 1 0
8 3 1460
6 5 1 3 4 5 7 
0 2 0 7 
0 4 3 4 6 7 
0 5 0 2 4 5 6 
0 4 0 2 3 7 
0 3 0 3 6 
0 3 2 3 5 
0 4 0 1 2 4 
1 2 14661
9 1 0
7 3 1478
9 3 1 2 5 
0 5 0 2 4 5 6 
9 3 0 1 6 
0 3 4 5 6 
0 4 1 3 5 6 
0 4 0 1 3 4 
0 4 1 2 3 4 
2 3 1480
0 1 1
12 1 0
1 9 14809
0 1 0
6 3 1482
6 4 1 3 4 5 
0 3 0 2 5 
0 3 1 3 5 
0 4 0 2 4 5 
0 2 0 3 
0 4 0 1 2 3 
1 5 1485
0 1 0
7 5 14850
1 2 5 6 
9 4 2 3 4 6 
0 4 1 4 5 6 
0 3 1 4 6 
0 3 1 2 3 
5 3 0 2 6 
0 5 0 1 2 3 5 
1 3 14852
14 1 0
2 5 1486
0 1 1
0 1 0
8 3 1488
0 3 2 3 6 
0 4 2 4 5 6 
0 7 0 1 3 4 5 6 7 
5 3 0 2 7 
0 3 1 2 7 
0 3 1 2 6 
5 4 0 1 2 5 
0 3 2 3 4 
5 3 1490
6 3 1 2 3 
0 4 0 2 3 4 
0 3 0 1 4 
5 2 0 1 
0 2 1 2 
2 5 1491
0 1 1
0 1 0
2 5 1492
0 1 1
0 1 0
1 5 1493
0 1 0
1 5 1494
0 1 0
1 5 1495
14 1 0
8 5 1496
0 5 1 2 3 4 6 
0 6 0 2 3 4 5 7 
0 3 0 1 6 
0 6 0 1 4 5 6 7 
0 3 0 1 3 
0 3 1 3 7 
0 3 0 2 3 
0 3 1 3 5 
2 3 14965
0 1 1
0 1 0
10 5 1498
0 5 1 5 6 8 9 
0 4 0 4 5 8 
0 2 5 7 
0 2 4 7 
0 6 1 3 5 7 8 9 
0 5 0 1 2 4 7 
1 2 0 9 
0 4 2 3 4 5 
0 4 0 1 4 9 
0 4 0 4 6 8 
1 9 14982
9 1 0
1 9 14998
9 1 0
6 0 15
12 3 1 2 4 
12 5 0 2 3 4 5 
12 4 0 1 4 5 
0 3 1 4 5 
0 4 0 1 2 3 
12 3 1 2 3 
3 3 1500
6 2 1 2
0 2 0 2
6 2 0 1
1 5 1502
0 1 0
2 5 1504
0 1 1
0 1 0
11 5 1505
0 4 1 2 9 10 
0 5 0 2 6 8 9 
0 6 0 1 3 6 7 10 
0 6 2 5 6 7 9 10 
0 2 5 6 
0 3 3 4 6 
5 6 1 2 3 4 5 7 
9 3 2 3 6 
0 2 1 9 
0 5 0 1 3 8 10 
0 4 0 2 3 9 
2 3 1508
0 1 1
1 1 0
9 3 15091
0 3 3 5 7 
0 4 2 4 6 8 
0 3 1 6 8 
0 4 0 5 6 7 
0 4 1 6 7 8 
0 3 0 3 6 
0 6 1 2 3 4 5 7 
0 5 0 3 4 6 8 
0 4 1 2 4 7 
3 5 1513
1 2 1 2
5 2 0 2
0 2 0 1
1 5 1514
9 1 0
3 5 1515
0 2 1 2
0 2 0 2
0 2 0 1
1 5 1516
0 1 0
6 5 1519
0 4 2 3 4 5 
0 2 4 5 
0 4 0 3 4 5 
0 3 0 2 5 
0 4 0 1 2 5 
0 5 0 1 2 3 4 
1 5 1521
0 1 0
2 3 1522
0 1 1
6 1 0
2 5 1523
0 1 1
0 1 0
8 5 1524
9 3 1 6 7 
0 4 0 5 6 7 
0 4 3 5 6 7 
0 3 2 6 7 
0 2 5 7 
0 5 1 2 4 6 7 
0 6 0 1 2 3 5 7 
0 7 0 1 2 3 4 5 6 
6 5 1525
0 4 1 3 4 5 
12 3 0 2 4 
12 2 1 4 
0 2 0 5 
9 4 0 1 2 5 
0 3 0 3 4 
2 5 1526
1 1 1
0 1 0
5 5 1527
0 3 1 2 4 
0 3 0 2 3 
0 4 0 1 3 4 
0 3 1 2 4 
0 3 0 2 3 
5 5 1528
0 3 1 2 3 
0 4 0 2 3 4 
0 3 0 1 3 
0 4 0 1 2 4 
0 2 1 3 
3 5 1529
0 2 1 2
0 2 0 2
0 2 0 1
1 5 1530
0 1 0
2 5 1531
0 1 1
9 1 0
2 5 1532
0 1 1
9 1 0
4 5 1533
12 3 1 2 3 
1 3 0 2 3 
13 2 0 1 
0 2 0 1 
3 5 1534
9 2 1 2
0 2 0 2
0 2 0 1
9 3 1535
12 5 2 3 4 6 8 
0 2 3 5 
12 5 0 3 5 6 7 
0 6 0 1 2 5 7 8 
0 3 0 6 8 
0 5 1 2 3 6 7 
12 4 0 2 4 5 
0 3 2 3 5 
12 3 0 3 4 
2 5 15351
0 1 1
0 1 0
2 5 15357
0 1 1
0 1 0
1 5 1545
12 1 0
5 5 1546
0 4 1 2 3 4 
1 4 0 2 3 4 
0 4 0 1 3 4 
0 3 0 1 2 
0 3 0 1 2 
8 5 1547
1 4 2 3 4 7 
0 2 2 4 
0 7 0 1 3 4 5 6 7 
0 3 0 2 4 
0 6 0 1 2 3 6 7 
0 2 2 6 
0 4 2 4 5 7 
0 4 0 2 4 6 
1 9 15476
9 1 0
17 5 1548
0 4 3 4 6 9 
0 4 5 6 14 15 
0 3 7 11 16 
5 4 0 4 5 9 
0 3 0 3 9 
0 9 1 3 6 8 9 10 12 13 14 
0 5 0 1 5 9 10 
0 5 2 11 14 15 16 
0 5 5 11 12 13 14 
14 6 0 3 4 5 6 10 
0 3 5 6 9 
0 6 2 7 8 12 14 16 
0 4 5 8 11 13 
0 3 5 8 12 
0 6 1 5 7 8 11 15 
0 4 1 7 14 16 
0 4 2 7 11 15 
1 5 1549
1 1 0
1 4 15491
9 1 0
1 5 1550
5 1 0
2 9 15537
12 1 1
0 1 0
3 5 15545
0 2 1 2
0 2 0 2
1 2 0 1
2 9 15620
9 1 1
9 1 0
3 9 15621
9 2 1 2
9 2 0 2
9 2 0 1
2 5 15643
12 1 1
12 1 0
4 5 15644
14 3 1 2 3 
12 2 0 2 
0 3 0 1 3 
0 2 0 2 
1 5 15646
0 1 0
2 5 15649
14 1 1
0 1 0
1 5 15664
14 1 0
2 5 15672
0 1 1
14 1 0
2 5 15673
0 1 1
1 1 0
2 9 15675
12 1 1
12 1 0
1 5 15677
12 1 0
1 5 15680
0 1 0
1 5 15685
0 1 0
4 5 15692
0 3 1 2 3 
12 3 0 2 3 
12 2 0 1 
0 2 0 1 
4 5 15694
0 2 1 3 
0 3 0 2 3 
0 2 1 3 
0 3 0 1 2 
1 3 15699
0 1 0
4 5 15700
12 3 1 2 3 
0 3 0 2 3 
0 2 0 1 
0 2 0 1 
2 5 15702
12 1 1
12 1 0
4 3 15751
12 3 1 2 3 
0 3 0 2 3 
9 3 0 1 3 
0 3 0 1 2 
3 3 15821
0 2 1 2
1 2 0 2
0 2 0 1
1 7 15822
9 1 0
1 3 15825
9 1 0
1 7 15826
2 1 0
1 7 15828
0 1 0
1 3 15833
1 1 0
16 3 1584
12 6 1 4 8 10 11 12 
0 7 0 3 4 6 9 10 14 
0 3 5 7 14 
0 3 1 4 10 
0 4 0 1 3 10 
0 5 2 10 11 13 14 
0 4 1 7 9 14 
5 4 2 6 9 14 
0 4 0 11 12 15 
0 3 1 6 7 
0 7 0 1 3 4 5 11 14 
0 6 0 5 8 10 13 15 
12 2 0 8 
0 3 5 11 15 
12 6 1 2 5 6 7 10 
5 3 8 11 13 
16 3 1585
0 3 2 9 12 
0 4 4 5 8 15 
0 5 0 3 7 10 12 
6 6 2 6 7 10 11 12 
0 5 1 6 8 9 15 
0 5 1 8 11 13 14 
0 8 3 4 8 9 11 12 13 14 
0 3 2 3 11 
0 6 1 4 5 6 13 15 
0 4 0 4 6 12 
0 3 2 3 12 
0 5 3 5 6 7 14 
0 6 0 2 3 6 9 10 
0 4 5 6 8 14 
0 4 5 6 11 13 
0 3 1 4 8 
32 3 1586
0 4 1 9 25 27 
0 4 0 2 9 27 
0 5 1 10 16 24 27 
12 5 4 7 11 14 20 
0 6 3 7 14 22 23 28 
0 5 17 20 22 26 29 
0 3 11 13 30 
0 4 3 4 20 22 
0 4 10 12 16 26 
0 4 0 1 14 25 
0 5 2 8 16 24 26 
12 10 3 6 13 14 15 17 18 19 20 30 
0 4 8 16 26 29 
0 4 6 11 14 30 
0 9 3 4 9 11 13 21 25 28 31 
12 3 11 18 20 
0 8 2 8 10 12 22 23 27 29 
5 5 5 11 19 20 30 
5 4 11 15 19 20 
5 4 11 17 18 20 
0 9 3 5 7 11 15 17 18 19 22 
0 4 14 23 28 31 
0 7 4 5 7 16 20 23 29 
0 8 4 16 21 22 25 27 28 31 
0 3 2 10 26 
0 6 0 9 14 23 27 31 
0 6 5 8 10 12 24 29 
0 6 0 1 2 16 23 25 
0 4 4 14 21 23 
0 5 5 12 16 22 26 
0 4 6 11 13 17 
0 4 14 21 23 25 
1 3 15860
0 1 0
1 3 15916
0 1 0
1 3 15926
0 1 0
5 5 1595
0 2 2 4 
0 3 2 3 4 
0 4 0 1 3 4 
0 3 1 2 4 
0 4 0 1 2 3 
1 9 15990
12 1 0
2 3 16022
0 1 1
1 1 0
1 3 16023
0 1 0
3 3 16025
12 2 1 2
0 2 0 2
1 2 0 1
7 9 16103
12 6 1 2 3 4 5 6 
9 4 0 2 4 6 
12 4 0 1 3 5 
12 4 0 2 4 5 
12 4 0 1 3 6 
12 3 0 2 3 
9 3 0 1 4 
1 9 16104
12 1 0
4 9 16108
12 3 1 2 3 
12 3 0 2 3 
4 3 0 1 3 
12 3 0 1 2 
1 9 16190
13 1 0
2 5 1620
0 1 1
1 1 0
8 3 16211
5 3 1 2 6 
9 3 0 2 3 
1 7 0 1 3 4 5 6 7 
5 3 1 2 5 
0 3 2 5 7 
0 3 2 3 4 
5 3 0 2 7 
0 3 2 4 6 
1 9 16375
12 1 0
1 3 16379
0 1 0
1 3 16380
0 1 0
4 5 16414
14 3 1 2 3 
0 3 0 2 3 
5 3 0 1 3 
0 3 0 1 2 
2 5 16417
12 1 1
12 1 0
1 5 16418
12 1 0
1 9 16426
12 1 0
1 3 16433
5 1 0
5 5 16463
1 3 1 3 4 
0 3 0 2 4 
0 3 1 3 4 
0 3 0 2 4 
0 4 0 1 2 3 
7 3 16464
0 5 2 3 4 5 6 
12 4 2 3 4 6 
9 4 0 1 4 6 
0 4 0 1 4 5 
0 4 0 1 2 3 
9 3 0 3 6 
13 4 0 1 2 5 
1 5 16476
12 1 0
2 9 16483
9 1 1
9 1 0
2 3 16484
1 1 1
0 1 0
1 9 16487
9 1 0
2 5 16489
0 1 1
0 1 0
4 5 16491
0 2 2 3 
0 2 2 3 
0 3 0 1 3 
0 3 0 1 2 
1 3 1650
0 1 0
1 3 1651
1 1 0
1 9 16510
21 1 0
1 3 16542
0 1 0
1 3 16543
0 1 0
1 3 16548
0 1 0
1 3 16549
0 1 0
4 3 16550
0 3 1 2 3 
0 3 0 2 3 
0 3 0 1 3 
1 3 0 1 2 
1 3 16551
0 1 0
3 3 16553
0 2 1 2
0 2 0 2
0 2 0 1
1 5 1659
0 1 0
1 3 16622
1 1 0
1 5 1664
0 1 0
1 5 16652
1 1 0
1 5 16666
0 1 0
19 3 1668
0 4 9 11 15 18 
0 6 2 5 10 11 13 16 
1 5 1 3 5 11 15 
0 5 2 5 9 15 17 
0 4 5 6 10 14 
0 8 1 2 3 4 6 10 14 17 
0 6 4 5 7 10 17 18 
5 4 6 8 10 12 
5 4 7 11 12 16 
0 5 0 3 15 17 18 
0 8 1 4 5 6 7 12 13 14 
0 6 0 1 2 8 15 16 
0 5 7 8 10 13 16 
0 4 1 10 12 16 
0 3 4 5 10 
0 5 0 2 3 9 11 
5 5 1 8 11 12 13 
1 5 3 5 6 9 18 
12 4 0 6 9 17 
2 5 16690
0 1 1
0 1 0
1 7 16702
0 1 0
3 3 16752
0 2 1 2
0 2 0 2
0 2 0 1
1 5 16764
0 1 0
1 5 16774
0 1 0
1 5 16775
12 1 0
8 5 16798
0 3 1 3 6 
0 4 0 2 3 6 
0 3 1 4 6 
0 3 0 1 6 
0 4 2 5 6 7 
0 2 4 7 
0 6 0 1 2 3 4 7 
0 3 4 5 6 
1 5 16799
0 1 0
3 3 16800
9 2 1 2
0 2 0 2
0 2 0 1
1 3 16801
0 1 0
4 3 16803
14 3 1 2 3 
2 3 0 2 3 
2 3 0 1 3 
2 3 0 1 2 
3 5 16804
0 2 1 2
14 2 0 2
0 2 0 1
1 5 16816
9 1 0
2 5 16817
0 1 1
0 1 0
2 5 16820
1 1 1
9 1 0
1 5 16822
0 1 0
3 5 16824
0 2 1 2
9 2 0 2
0 2 0 1
2 5 16826
0 1 1
0 1 0
2 5 16827
0 1 1
0 1 0
3 5 16828
0 2 1 2
9 2 0 2
9 2 0 1
2 5 16829
0 1 1
0 1 0
1 5 16830
0 1 0
3 5 16831
0 2 1 2
0 2 0 2
0 2 0 1
4 5 16832
0 3 1 2 3 
0 2 0 3 
0 2 0 3 
0 3 0 1 2 
5 5 16833
0 3 1 2 4 
0 3 0 2 3 
0 4 0 1 3 4 
0 3 1 2 4 
0 3 0 2 3 
1 5 16900
0 1 0
5 7 1697
2 3 1 2 3 
0 4 0 2 3 4 
12 3 0 1 4 
0 3 0 1 4 
0 3 1 2 3 
1 3 17043
0 1 0
24 5 1712
0 4 2 7 14 17 
0 5 2 4 7 10 21 
0 7 0 1 4 5 7 16 17 
0 4 5 8 12 18 
0 4 1 2 9 10 
0 7 2 3 12 13 16 18 19 
0 3 8 11 23 
0 5 0 1 2 14 21 
0 8 3 6 11 12 13 16 18 23 
0 2 4 10 
0 5 1 4 9 14 21 
13 4 6 8 14 16 
0 4 3 5 8 16 
5 5 5 8 18 19 23 
12 7 0 7 10 11 16 17 21 
0 2 20 22 
0 7 2 5 8 11 12 14 17 
2 4 0 2 14 16 
0 4 3 5 8 13 
0 4 5 13 22 23 
13 3 15 22 23 
0 4 1 7 10 14 
0 4 15 19 20 23 
13 6 6 8 13 19 20 22 
2 3 17135
0 1 1
0 1 0
3 5 1716
1 2 1 2
14 2 0 2
0 2 0 1
1 5 17211
5 1 0
1 3 17232
0 1 0
5 3 17233
0 3 2 3 4 
1 3 2 3 4 
0 4 0 1 3 4 
0 4 0 1 2 4 
0 4 0 1 2 3 
1 5 17297
0 1 0
3 5 1734
1 2 1 2
0 2 0 2
0 2 0 1
1 5 1736
0 1 0
2 5 1737
0 1 1
0 1 0
1 7 17389
2 1 0
2 5 1739
2 1 1
0 1 0
1 9 174
12 1 0
3 5 1740
0 2 1 2
0 2 0 2
0 2 0 1
3 3 17409
0 2 1 2
0 2 0 2
0 2 0 1
2 5 1741
0 1 1
0 1 0
4 5 17415
5 3 1 2 3 
0 3 0 2 3 
0 2 0 1 
0 2 0 1 
1 5 17416
14 1 0
1 5 1742
0 1 0
1 5 17424
14 1 0
2 5 17425
0 1 1
0 1 0
1 5 17426
0 1 0
2 5 1744
0 1 1
5 1 0
2 3 17476
0 1 1
0 1 0
1 7 17479
0 1 0
2 5 1748
0 1 1
0 1 0
5 7 17480
0 2 1 4 
0 4 0 2 3 4 
13 2 1 3 
0 3 1 2 4 
0 3 0 1 3 
1 7 17481
0 1 0
21 5 1749
0 3 5 7 10 
0 5 11 12 14 17 19 
2 4 3 14 15 20 
0 6 2 9 14 15 17 18 
0 4 6 9 16 20 
0 5 0 7 8 10 13 
0 4 4 9 15 20 
0 5 0 5 10 13 14 
0 6 5 10 11 13 14 19 
0 7 3 4 6 12 15 17 18 
0 5 0 5 7 8 14 
0 4 1 8 14 19 
0 4 1 9 17 19 
0 4 5 7 8 14 
0 9 1 2 3 7 8 10 11 13 17 
0 5 2 3 6 9 20 
0 2 4 20 
0 6 1 3 9 12 14 18 
0 3 3 9 17 
0 4 1 8 11 12 
0 5 2 4 6 15 16 
10 5 1750
0 4 3 4 5 8 
0 5 2 3 7 8 9 
0 3 1 3 7 
1 8 0 1 2 4 6 7 8 9 
0 3 0 3 5 
0 2 0 4 
0 2 3 7 
0 5 1 2 3 6 8 
0 5 0 1 3 7 9 
0 3 1 3 8 
6 5 1751
0 3 1 2 5 
0 4 0 2 3 5 
0 3 0 1 3 
0 4 1 2 4 5 
0 2 3 5 
0 4 0 1 3 4 
1 5 17515
0 1 0
2 5 17516
0 1 1
0 1 0
1 5 17518
0 1 0
26 5 1752
0 4 4 8 10 24 
0 3 7 12 22 
0 5 6 7 21 22 24 
0 4 4 7 10 12 
0 4 0 3 10 12 
0 4 8 13 15 23 
0 4 2 7 24 25 
9 8 1 2 3 6 10 12 22 25 
0 11 0 5 11 13 14 16 17 19 20 23 24 
0 3 15 20 23 
0 6 0 3 4 7 24 25 
0 5 8 14 17 19 21 
0 4 1 3 4 7 
0 4 5 8 15 19 
0 4 8 11 16 17 
14 5 5 9 13 19 23 
0 3 8 14 17 
0 7 8 11 14 16 18 21 24 
0 3 17 21 24 
12 4 8 11 13 15 
1 3 8 9 23 
14 6 2 11 17 18 22 24 
0 4 1 2 7 21 
14 5 5 8 9 15 20 
0 9 0 2 6 8 10 17 18 21 25 
0 4 6 7 10 24 
1 5 17522
0 1 0
3 5 17523
0 2 1 2
0 2 0 2
14 2 0 1
2 7 17526
12 1 1
0 1 0
3 7 17527
0 2 1 2
0 2 0 2
0 2 0 1
20 5 1753
0 5 7 8 13 14 19 
0 3 4 12 14 
0 4 3 9 15 19 
0 4 2 5 15 19 
0 4 1 11 12 14 
0 6 3 10 15 16 17 19 
0 3 10 17 18 
0 4 0 8 15 19 
2 4 0 7 13 15 
0 3 2 15 19 
0 5 5 6 16 17 18 
0 5 4 12 13 14 15 
0 4 1 4 11 14 
0 5 0 8 11 14 15 
12 6 0 1 4 11 12 13 
0 10 2 3 5 7 8 9 11 13 16 19 
0 4 5 10 15 18 
0 5 5 6 10 18 19 
0 5 6 10 16 17 19 
0 9 0 2 3 5 7 9 15 17 18 
2 7 17530
0 1 1
0 1 0
1 7 17533
0 1 0
1 7 17536
0 1 0
10 3 17537
9 2 1 5 
1 6 0 3 4 5 6 9 
0 4 5 6 7 8 
0 3 1 4 7 
0 4 1 3 7 9 
1 4 0 1 2 6 
0 5 1 2 5 8 9 
0 5 2 3 4 8 9 
0 4 2 6 7 9 
5 5 1 4 6 7 8 
2 3 17538
0 1 1
1 1 0
4 5 1754
0 3 1 2 3 
0 3 0 2 3 
0 2 0 1 
0 2 0 1 
1 7 17543
0 1 0
7 7 17544
0 3 1 3 4 
0 6 0 2 3 4 5 6 
2 2 1 4 
0 4 0 1 5 6 
2 3 0 1 2 
0 3 1 3 6 
0 3 1 3 5 
1 3 17545
0 1 0
2 7 17547
0 1 1
0 1 0
1 3 17549
0 1 0
8 5 1755
0 4 1 2 3 7 
0 5 0 4 5 6 7 
5 2 0 3 
14 3 0 2 7 
0 3 1 5 6 
0 4 1 4 6 7 
0 3 1 4 5 
0 4 0 1 3 5 
1 5 17551
9 1 0
1 5 17554
0 1 0
4 5 1756
0 3 1 2 3 
0 2 0 2 
0 3 0 1 3 
0 2 0 2 
1 5 17561
5 1 0
23 5 1757
0 6 6 10 12 13 18 20 
0 6 3 4 7 9 16 19 
0 5 4 5 11 15 19 
0 5 1 4 7 14 19 
0 7 1 2 3 5 14 15 19 
0 3 2 4 15 
0 4 0 8 12 20 
9 3 1 3 19 
14 4 6 12 17 18 
0 3 1 13 16 
0 5 0 13 18 21 22 
0 4 2 15 19 20 
0 4 0 6 8 18 
0 6 0 9 10 16 20 22 
0 3 3 4 19 
0 4 2 4 5 11 
0 5 1 9 13 19 20 
9 4 8 18 21 22 
0 6 0 8 10 12 17 21 
0 9 1 2 3 4 7 11 14 16 20 
0 6 0 6 11 13 16 19 
0 4 10 17 18 22 
0 4 10 13 17 21 
1 5 1758
5 1 0
7 5 1759
9 3 1 3 5 
0 5 0 2 3 5 6 
0 4 1 4 5 6 
0 5 0 1 4 5 6 
0 3 2 3 6 
0 4 0 1 2 3 
0 4 1 2 3 4 
1 5 17598
0 1 0
5 5 1760
0 4 1 2 3 4 
0 2 0 2 
0 3 0 1 4 
0 2 0 4 
0 3 0 2 3 
1 5 17602
14 1 0
1 3 17606
5 1 0
16 5 17607
0 6 1 5 8 9 10 11 
0 6 0 4 6 9 11 12 
0 3 3 13 14 
0 5 2 10 13 14 15 
1 5 1 5 6 11 13 
0 3 0 4 11 
5 4 1 4 12 13 
0 5 8 9 10 13 15 
0 4 0 7 9 10 
1 6 0 1 7 8 12 13 
0 6 0 3 7 8 14 15 
9 4 0 1 4 5 
5 4 1 6 9 13 
0 9 2 3 4 6 7 9 12 14 15 
0 4 2 3 10 13 
0 4 3 7 10 13 
14 5 1761
6 7 3 4 6 8 10 12 13 
0 5 2 7 10 11 12 
0 7 1 5 6 8 9 11 13 
0 3 0 4 8 
0 3 0 3 12 
0 5 2 6 7 10 11 
5 5 0 2 5 10 13 
0 4 1 5 10 11 
0 5 0 2 3 9 13 
0 3 2 8 13 
0 6 0 1 5 6 7 12 
0 4 1 2 5 7 
0 4 0 1 4 10 
0 5 0 2 6 8 9 
1 5 17618
1 1 0
23 5 1762
0 4 2 3 11 19 
5 6 2 3 6 7 16 21 
0 5 0 1 3 11 21 
0 6 0 1 2 7 18 19 
0 4 7 11 14 19 
0 3 9 10 22 
2 6 1 7 14 16 17 20 
5 7 1 3 4 6 14 18 19 
0 5 12 13 14 17 22 
0 6 5 10 15 16 20 22 
0 5 5 9 15 16 21 
0 5 0 2 4 19 21 
0 3 8 14 17 
0 2 8 14 
0 7 4 6 7 8 12 13 17 
0 3 9 10 16 
0 7 1 6 9 10 15 20 21 
0 6 6 8 12 14 20 22 
0 3 3 7 19 
0 6 0 3 4 7 11 18 
0 5 6 9 16 17 22 
0 5 1 2 10 11 16 
0 5 5 8 9 17 20 
18 5 1763
9 8 1 3 5 6 10 12 14 17 
0 3 0 3 17 
0 5 4 9 11 14 16 
0 4 0 1 12 13 
0 5 2 7 8 9 14 
0 4 0 6 11 12 
0 5 0 5 7 11 14 
0 5 4 6 8 11 14 
0 4 4 7 9 11 
0 4 2 4 8 11 
0 3 0 14 17 
0 9 2 5 6 7 8 9 12 15 16 
0 5 0 3 5 11 13 
0 2 3 12 
0 6 0 2 4 6 7 10 
0 2 11 16 
1 3 2 11 15 
0 3 0 1 10 
11 5 1764
5 6 1 2 4 5 6 8 
0 4 0 2 3 6 
0 7 0 1 3 4 7 9 10 
0 5 1 2 6 7 8 
0 4 0 2 5 10 
0 3 0 4 10 
0 4 0 1 3 8 
0 4 2 3 8 9 
0 4 0 3 6 7 
0 3 2 7 10 
0 4 2 4 5 9 
15 5 1765
0 3 8 11 13 
0 3 5 7 14 
0 5 4 5 6 10 12 
0 3 4 6 9 
0 6 2 3 6 9 10 12 
5 6 1 2 6 7 10 14 
14 8 2 3 4 5 8 9 12 13 
0 4 1 5 10 14 
0 3 0 6 13 
0 6 3 4 6 10 11 13 
0 6 2 4 5 7 9 14 
0 3 0 9 13 
0 3 2 4 6 
0 5 0 6 8 9 11 
0 4 1 5 7 10 
11 5 1766
0 6 1 4 5 6 9 10 
0 3 0 3 4 
0 3 3 7 8 
0 5 1 2 4 8 9 
0 4 0 1 3 9 
0 4 0 6 9 10 
0 3 0 5 9 
0 2 2 8 
0 4 2 3 7 9 
0 7 0 3 4 5 6 8 10 
0 3 0 5 9 
18 5 1767
0 5 1 5 6 7 10 
0 4 0 4 6 7 
0 4 4 8 12 16 
0 3 4 10 13 
0 11 1 2 3 6 7 10 11 12 13 15 17 
0 3 0 6 9 
0 7 0 1 4 5 9 11 14 
0 5 0 1 4 10 15 
5 2 2 16 
0 6 5 6 11 12 14 17 
0 6 0 3 4 7 13 15 
0 5 4 6 9 14 17 
0 5 2 4 9 16 17 
0 3 3 4 10 
0 3 6 9 11 
0 3 4 7 10 
5 3 2 8 12 
0 4 4 9 11 12 
4 3 1768
0 3 1 2 3 
6 3 0 2 3 
0 3 0 1 3 
0 3 0 1 2 
1 3 1769
6 1 0
23 3 1770
5 7 2 4 6 7 12 13 18 
0 4 2 5 11 20 
12 7 0 1 5 6 9 12 20 
0 3 4 7 15 
0 5 0 3 7 13 15 
0 5 1 2 6 9 11 
0 4 0 2 5 9 
0 6 0 3 4 12 15 20 
0 5 10 13 17 18 22 
0 3 2 5 6 
0 3 8 17 18 
0 4 1 5 16 20 
0 4 0 2 7 20 
0 7 0 4 8 15 18 21 22 
6 3 15 19 20 
0 8 3 4 7 13 14 19 20 21 
0 2 11 20 
0 6 8 10 18 19 21 22 
0 6 0 8 10 13 17 19 
0 5 14 15 17 18 21 
0 8 1 2 7 11 12 14 15 16 
0 5 13 15 17 19 22 
12 4 8 13 17 21 
18 3 1771
0 4 3 8 15 17 
0 6 3 9 10 13 16 17 
0 4 8 14 15 17 
0 7 0 1 6 11 15 16 17 
6 5 5 7 11 12 13 
0 4 4 6 7 11 
0 5 3 5 7 11 15 
0 4 4 5 6 13 
0 4 0 2 15 17 
0 4 1 10 14 17 
5 3 1 9 17 
0 7 3 4 5 6 12 13 16 
0 3 4 11 13 
0 6 1 4 7 11 12 16 
0 4 2 9 15 17 
5 6 0 2 3 6 8 14 
0 4 1 3 11 13 
12 8 0 1 2 3 8 9 10 14 
5 3 1772
5 3 1 3 4 
0 4 0 2 3 4 
9 2 1 4 
0 3 0 1 4 
0 4 0 1 2 3 
8 3 1773
12 2 2 5 
0 5 2 3 4 5 7 
0 3 0 1 5 
0 3 1 4 7 
0 4 1 3 6 7 
12 4 0 1 2 7 
0 2 4 7 
0 5 1 3 4 5 6 
2 3 1774
0 1 1
0 1 0
23 5 1775
0 2 3 11 
0 4 7 9 12 21 
0 9 4 5 6 7 13 15 16 21 22 
0 3 0 11 16 
0 4 2 5 6 16 
0 4 2 4 8 16 
5 3 2 4 16 
0 5 1 2 9 15 21 
0 2 5 16 
0 9 1 7 12 13 14 15 17 19 20 
0 4 18 19 20 21 
0 6 0 3 14 16 17 22 
0 4 1 9 20 21 
0 3 2 9 15 
0 3 9 11 17 
0 4 2 7 9 13 
0 8 2 3 4 5 6 8 11 22 
0 7 9 11 14 18 19 21 22 
0 4 10 17 19 21 
0 5 9 10 17 18 20 
5 5 9 10 12 19 21 
5 9 1 2 7 10 12 17 18 20 22 
0 5 2 11 16 17 21 
1 3 1776
0 1 0
4 5 1777
0 3 1 2 3 
0 3 0 2 3 
0 3 0 1 3 
0 3 0 1 2 
16 5 1778
0 5 5 8 10 12 14 
0 5 6 7 10 12 14 
0 5 5 8 11 13 14 
5 3 4 9 15 
0 6 3 5 6 7 9 15 
9 8 0 2 4 6 8 9 10 11 
0 5 1 4 5 7 10 
9 4 1 4 6 15 
0 5 0 2 5 13 14 
0 4 3 4 5 11 
0 5 0 1 5 6 12 
0 4 2 5 9 14 
0 4 0 1 10 14 
0 3 2 8 14 
0 7 0 1 2 8 11 12 13 
6 3 3 4 7 
1 3 1779
0 1 0
10 3 1782
0 2 2 7 
0 3 2 4 5 
0 5 0 1 5 6 7 
0 4 5 6 8 9 
0 5 1 5 6 8 9 
0 6 1 2 3 4 6 8 
9 6 2 3 4 5 7 9 
0 3 0 2 6 
0 4 3 4 5 9 
0 4 3 4 6 8 
14 3 1783
1 5 5 7 10 12 13 
9 7 2 3 4 6 7 10 13 
0 4 1 4 9 11 
0 3 1 7 8 
5 4 1 2 11 13 
12 4 0 6 10 13 
9 4 1 5 10 13 
9 6 0 1 3 8 10 12 
6 4 3 7 12 13 
0 2 2 11 
0 5 0 1 5 6 7 
0 4 2 4 9 13 
0 4 0 7 8 13 
0 8 0 1 4 5 6 8 11 12 
9 3 1785
6 5 1 2 3 4 8 
12 4 0 3 4 6 
0 3 0 3 7 
0 8 0 1 2 4 5 6 7 8 
5 5 0 1 3 6 8 
9 2 3 7 
0 3 1 3 4 
0 3 2 3 5 
0 3 0 3 4 
1 7 17873
0 1 0
17 5 1788
5 3 7 8 14 
0 6 4 5 10 11 12 16 
0 3 7 14 15 
0 4 6 7 8 14 
0 4 1 9 10 11 
0 3 1 12 16 
0 2 3 14 
0 8 0 2 3 8 9 14 15 16 
0 4 0 3 7 14 
0 7 4 7 10 11 13 15 16 
0 5 1 4 9 13 14 
0 4 1 4 9 16 
0 2 1 5 
0 4 9 10 14 15 
0 9 0 2 3 6 7 8 10 13 15 
0 5 2 7 9 13 14 
0 5 1 5 7 9 11 
2 5 1789
0 1 1
0 1 0
6 5 1795
0 2 1 3 
9 4 0 2 3 4 
0 2 1 4 
0 4 0 1 4 5 
0 4 1 2 3 5 
0 2 3 4 
3 3 1796
0 2 1 2
0 2 0 2
6 2 0 1
2 5 1799
9 1 1
0 1 0
3 5 1800
0 2 1 2
0 2 0 2
0 2 0 1
3 5 1801
0 2 1 2
1 2 0 2
0 2 0 1
1 5 1802
14 1 0
8 5 1803
0 3 1 6 7 
0 5 0 2 5 6 7 
0 5 1 3 4 5 7 
0 3 2 4 7 
0 3 2 3 5 
0 3 1 2 4 
0 3 0 1 7 
0 5 0 1 2 3 6 
8 3 1804
0 5 2 4 5 6 7 
0 3 3 5 7 
0 3 0 5 6 
6 3 1 5 6 
0 3 0 5 7 
0 7 0 1 2 3 4 6 7 
0 4 0 2 3 5 
2 4 0 1 4 5 
14 5 1805
0 2 1 8 
0 4 0 2 6 8 
0 7 1 4 5 6 7 10 13 
0 3 5 9 12 
0 4 2 5 9 13 
0 5 2 3 4 9 12 
0 4 1 2 7 8 
0 4 2 6 8 10 
5 5 0 1 6 7 10 
0 6 3 4 5 11 12 13 
0 5 2 7 8 11 13 
0 3 9 10 13 
0 3 3 5 9 
0 5 2 4 9 10 11 
3 5 1807
0 2 1 2
0 2 0 2
0 2 0 1
14 5 1808
0 6 3 4 6 10 11 12 
1 5 2 3 5 9 13 
12 4 1 3 9 10 
0 6 0 1 2 5 10 11 
0 4 0 6 11 12 
0 3 1 3 13 
0 3 0 4 11 
2 3 8 10 12 
0 2 7 10 
0 4 1 2 10 13 
0 7 0 2 3 7 8 9 12 
0 4 0 3 4 6 
0 4 0 4 7 10 
0 3 1 5 9 
1 5 1809
2 1 0
1 3 1810
1 1 0
18 5 1811
0 3 5 7 13 
0 7 2 3 4 8 12 15 17 
5 5 1 6 9 16 17 
5 8 1 5 6 8 10 11 14 15 
0 5 1 5 7 12 13 
0 9 0 3 4 6 7 8 12 13 16 
0 7 2 3 5 9 10 14 16 
0 4 0 4 5 13 
0 4 1 3 5 12 
5 5 2 6 11 14 17 
0 3 3 6 14 
5 5 3 9 14 15 17 
0 4 1 4 5 8 
0 4 0 4 5 7 
0 5 3 6 9 10 11 
0 4 1 3 11 17 
0 3 2 5 6 
0 5 1 2 9 11 15 
3 3 1812
0 2 1 2
1 2 0 2
6 2 0 1
8 5 1813
0 5 2 4 5 6 7 
0 3 2 3 6 
0 6 0 1 3 4 6 7 
5 4 1 2 6 7 
0 3 0 2 7 
0 2 0 7 
0 4 0 1 2 3 
0 5 0 2 3 4 5 
8 5 1814
5 4 2 3 6 7 
12 5 2 3 4 6 7 
0 4 0 1 6 7 
0 4 0 1 4 7 
0 4 1 3 5 6 
0 2 4 6 
0 5 0 1 2 4 5 
12 4 0 1 2 3 
6 3 1815
1 2 3 5 
0 4 2 3 4 5 
0 3 1 4 5 
6 3 0 1 5 
0 3 1 2 5 
14 5 0 1 2 3 4 
33 5 1816
0 4 5 21 25 28 
0 3 5 8 25 
0 3 14 15 16 
0 4 21 22 27 28 
6 4 5 8 29 30 
9 14 0 1 4 8 13 14 20 23 24 25 28 30 31 32 
0 4 10 12 14 15 
0 3 22 27 28 
0 7 1 4 5 19 21 25 29 
0 3 17 19 24 
0 4 6 12 13 28 
0 7 15 16 18 20 23 24 26 
0 4 6 10 13 14 
9 5 5 10 12 14 28 
12 9 2 5 6 12 13 15 16 26 31 
0 5 2 6 11 14 16 
0 5 2 11 14 15 26 
0 5 9 19 24 29 30 
0 5 11 20 26 31 32 
0 6 8 9 17 21 24 29 
0 5 5 11 18 23 32 
0 7 0 3 8 19 22 25 28 
0 4 3 7 21 27 
0 4 5 11 20 24 
0 7 5 9 11 17 19 23 30 
0 5 0 1 5 8 21 
0 5 11 14 16 18 31 
0 4 3 7 22 28 
0 8 0 3 5 7 10 13 21 27 
0 5 4 8 17 19 30 
0 5 4 5 17 24 29 
0 5 5 14 18 26 32 
0 4 5 18 20 31 
25 5 1817
0 8 3 9 10 11 13 16 19 24 
0 4 5 6 11 23 
0 4 6 7 11 14 
0 7 0 4 8 16 17 19 21 
0 5 3 8 12 17 21 
0 8 1 10 11 15 18 20 22 23 
0 5 1 2 7 11 23 
0 3 2 6 14 
0 3 3 4 21 
6 4 0 11 14 24 
0 5 0 5 11 13 15 
0 8 0 1 2 5 6 9 10 14 
0 5 4 14 17 19 21 
0 4 0 10 15 19 
0 7 2 7 9 11 12 21 24 
0 4 5 10 13 20 
0 4 0 3 21 24 
0 4 3 4 12 19 
0 4 5 20 22 23 
0 5 0 3 12 13 17 
0 3 5 15 18 
0 7 3 4 8 12 14 16 24 
0 3 5 18 23 
0 5 1 5 6 18 22 
0 5 0 9 14 16 21 
1 3 1818
0 1 0
29 5 1819
0 3 5 24 26 
0 4 3 6 7 11 
0 3 4 12 24 
0 6 1 7 11 14 19 22 
0 6 2 12 21 24 26 28 
0 5 0 23 25 26 28 
0 4 1 7 11 20 
14 5 1 3 6 19 20 
0 4 13 16 23 28 
0 4 12 14 21 28 
0 3 11 14 22 
0 5 1 3 6 10 22 
0 5 2 4 9 14 21 
0 4 8 15 16 28 
0 11 3 9 10 12 16 17 19 22 25 27 28 
0 3 13 16 28 
0 7 8 13 14 15 17 23 28 
0 4 14 16 23 25 
0 4 19 20 25 27 
0 6 3 7 14 18 20 27 
0 4 6 7 18 19 
0 4 4 9 12 28 
0 4 3 10 11 14 
0 6 5 8 16 17 25 28 
0 4 0 2 4 26 
0 6 5 14 17 18 23 27 
0 5 0 4 5 24 28 
0 4 14 18 19 25 
0 11 4 5 8 9 13 14 15 16 21 23 26 
18 5 1820
0 6 3 5 8 11 15 17 
0 3 2 11 15 
0 6 1 4 5 11 12 14 
0 4 0 7 8 17 
5 5 2 9 10 14 16 
6 10 0 2 6 7 10 11 12 13 14 17 
9 5 5 9 10 13 16 
0 4 3 5 13 17 
0 3 0 3 17 
0 4 4 6 10 16 
0 5 4 5 6 9 14 
0 5 0 1 2 5 15 
0 3 2 5 14 
0 4 5 6 7 16 
0 5 2 4 5 10 12 
0 3 0 1 11 
0 4 4 6 9 13 
0 5 0 3 5 7 8 
18 5 1821
0 3 2 9 15 
0 4 3 4 7 17 
5 4 0 6 12 15 
0 9 1 4 5 8 9 11 13 16 17 
0 4 1 3 5 7 
0 4 3 4 7 8 
6 6 2 9 10 12 14 15 
0 9 1 4 5 8 10 11 13 16 17 
0 4 3 5 7 11 
0 6 0 3 6 11 14 15 
0 6 6 7 11 12 14 16 
0 6 3 7 8 9 10 14 
12 4 2 6 10 16 
0 4 3 7 16 17 
0 4 6 9 10 11 
0 4 0 2 6 9 
0 5 3 7 10 12 13 
0 4 1 3 7 13 
6 3 1822
0 3 1 3 4 
0 5 0 2 3 4 5 
0 4 1 3 4 5 
0 4 0 1 2 4 
0 4 0 1 2 3 
0 2 1 2 
23 5 1823
0 3 11 16 18 
0 5 7 8 9 12 17 
0 5 3 5 10 18 21 
0 7 2 5 8 10 14 18 22 
0 3 6 15 17 
1 3 2 3 10 
1 6 4 7 15 17 19 21 
13 7 1 6 8 9 10 17 21 
0 6 1 3 7 10 12 14 
0 3 1 7 17 
13 6 2 3 5 7 8 21 
0 6 0 14 16 18 20 22 
0 5 1 8 13 14 17 
0 2 12 14 
5 6 3 8 11 12 13 22 
0 3 4 6 19 
0 4 0 11 18 22 
0 6 1 4 6 7 9 12 
0 9 0 2 3 11 16 19 20 21 22 
0 4 6 15 18 21 
0 2 11 18 
0 6 2 6 7 10 18 19 
0 5 3 11 14 16 18 
1 5 1824
0 1 0
1 5 1825
0 1 0
3 5 1826
0 2 1 2
0 2 0 2
0 2 0 1
1 3 1827
1 1 0
16 5 1828
1 4 1 5 9 11 
14 5 0 2 5 11 12 
0 6 1 5 7 8 12 13 
0 4 4 5 7 8 
0 3 3 8 13 
0 5 0 1 2 3 7 
5 3 9 14 15 
0 4 2 3 5 8 
0 5 2 3 4 7 13 
1 6 0 6 10 11 14 15 
0 4 9 12 14 15 
0 5 0 1 9 12 14 
0 6 1 2 10 11 13 14 
0 4 2 4 8 12 
0 6 6 9 10 11 12 15 
0 4 6 9 10 14 
2 5 1829
0 1 1
0 1 0
9 5 1830
0 2 5 8 
0 4 3 4 5 8 
0 2 4 5 
0 4 1 6 7 8 
0 3 1 2 5 
0 5 0 1 2 4 8 
0 3 3 7 8 
0 3 3 6 8 
0 6 0 1 3 5 6 7 
3 5 1831
0 2 1 2
0 2 0 2
0 2 0 1
11 5 1832
0 3 4 5 8 
0 7 2 3 4 5 8 9 10 
0 4 1 3 7 10 
0 3 1 2 7 
0 4 0 1 5 8 
0 4 0 1 4 8 
0 2 7 8 
0 5 2 3 6 8 10 
0 8 0 1 4 5 6 7 9 10 
0 3 1 8 10 
0 5 1 2 7 8 9 
6 5 1833
0 4 1 2 3 5 
0 3 0 4 5 
0 4 0 3 4 5 
0 3 0 2 4 
0 4 1 2 3 5 
0 4 0 1 2 4 
1 4 18330
12 1 0
2 5 1834
0 1 1
0 1 0
3 3 1835
0 2 1 2
0 2 0 2
1 2 0 1
13 5 1836
0 4 1 2 3 5 
4 8 0 2 5 7 8 9 10 11 
0 7 0 1 3 5 7 11 12 
0 5 0 2 4 6 12 
0 5 3 6 8 11 12 
0 3 0 1 2 
0 3 3 4 8 
0 3 1 2 11 
0 5 1 4 6 9 11 
0 3 1 8 10 
0 2 1 9 
0 6 1 2 4 7 8 12 
0 4 2 3 4 11 
10 5 1837
0 3 1 7 9 
0 9 0 2 3 4 5 6 7 8 9 
0 3 1 7 8 
0 3 1 5 6 
0 2 1 8 
0 4 1 3 6 9 
0 4 1 3 5 9 
0 5 0 1 2 8 9 
0 5 1 2 4 7 9 
0 6 0 1 5 6 7 8 
6 5 1838
0 3 1 2 4 
0 4 0 2 4 5 
0 4 0 1 3 5 
0 2 2 5 
0 3 0 1 5 
0 4 1 2 3 4 
4 5 1839
0 3 1 2 3 
0 2 0 3 
14 2 0 3 
0 3 0 1 2 
13 5 1840
0 2 7 9 
12 4 3 7 9 11 
5 4 3 7 8 12 
5 8 1 2 4 6 7 10 11 12 
0 3 3 10 11 
0 2 8 12 
0 3 3 10 12 
0 5 0 1 2 3 9 
0 3 2 5 12 
2 3 0 1 7 
0 4 3 4 6 12 
0 3 1 3 4 
0 6 2 3 5 6 8 10 
10 5 1843
0 6 2 4 5 6 7 9 
0 3 2 3 5 
1 5 0 1 3 5 7 
0 4 1 2 7 9 
0 3 0 5 6 
0 4 0 1 2 4 
0 4 0 4 8 9 
0 4 0 2 3 9 
0 2 6 9 
0 5 0 3 6 7 8 
3 3 1844
0 2 1 2
0 2 0 2
1 2 0 1
1 3 1845
0 1 0
10 5 1846
0 6 2 3 4 6 7 9 
0 7 2 3 4 5 6 8 9 
0 5 0 1 4 7 8 
0 3 0 1 4 
0 4 0 1 2 3 
0 2 1 9 
0 5 0 1 7 8 9 
0 4 0 2 6 8 
0 4 1 2 6 7 
12 4 0 1 5 6 
12 5 1847
0 8 2 3 4 6 7 8 10 11 
0 5 5 6 7 9 11 
0 7 0 3 4 5 8 9 10 
0 4 0 2 4 10 
0 4 0 2 3 8 
0 5 1 2 9 10 11 
0 4 0 1 7 11 
0 4 0 1 6 9 
0 3 0 2 4 
0 4 1 2 5 7 
0 5 0 2 3 5 11 
0 5 0 1 5 6 10 
8 5 1850
0 5 1 2 3 6 7 
0 5 0 2 5 6 7 
0 5 0 1 3 5 7 
14 2 0 2 
0 2 5 6 
0 4 1 2 4 6 
0 4 0 1 4 5 
0 3 0 1 2 
4 3 1851
5 3 1 2 3 
0 3 0 2 3 
1 3 0 1 3 
5 3 0 1 2 
3 3 1852
0 2 1 2
0 2 0 2
14 2 0 1
22 3 1853
0 5 5 9 13 15 20 
0 5 6 7 9 14 17 
0 4 5 13 18 20 
0 4 8 10 19 21 
0 5 6 7 8 12 14 
9 6 0 2 9 15 18 20 
0 7 1 4 8 14 17 19 21 
0 6 1 4 9 12 14 18 
0 8 3 4 6 10 11 12 18 19 
0 5 0 1 5 7 18 
0 3 3 8 11 
0 4 8 10 13 18 
9 4 4 7 8 18 
1 5 0 2 11 18 20 
12 4 1 4 6 7 
0 3 0 5 20 
0 2 17 21 
0 4 1 6 16 21 
5 8 2 5 7 8 9 11 12 13 
0 4 3 6 8 21 
0 5 0 2 5 13 15 
0 5 3 6 16 17 19 
11 3 1854
0 5 3 4 7 9 10 
9 4 2 4 8 10 
0 5 1 4 5 6 7 
0 3 0 4 7 
0 7 0 1 2 3 7 8 10 
0 2 2 6 
0 4 2 5 7 9 
0 6 0 2 3 4 6 9 
9 3 1 4 10 
0 3 0 6 7 
0 4 0 1 4 8 
21 3 1855
0 2 3 20 
0 5 3 6 11 15 19 
0 5 4 5 6 17 18 
0 6 0 1 10 11 19 20 
5 5 2 5 9 13 17 
0 7 2 4 13 14 15 18 19 
0 6 1 2 14 15 17 18 
12 3 12 13 16 
0 2 10 19 
0 5 4 12 13 16 17 
0 4 3 8 19 20 
0 3 1 3 19 
0 5 7 9 13 16 17 
0 6 4 5 7 9 12 16 
6 4 5 6 15 18 
0 5 1 5 6 14 19 
0 4 7 9 12 13 
0 5 2 4 6 9 12 
0 4 2 5 6 14 
0 7 1 3 5 8 10 11 15 
5 3 0 3 10 
9 3 1856
0 4 1 3 6 8 
0 4 0 2 3 8 
0 3 1 7 8 
0 5 0 1 4 5 6 
0 3 3 5 6 
0 3 3 4 6 
0 4 0 3 4 5 
0 2 2 8 
0 4 0 1 2 7 
5 3 1857
0 2 1 4 
0 4 0 2 3 4 
0 2 1 3 
0 3 1 2 4 
0 3 0 1 3 
1 5 1858
2 1 0
15 5 1860
0 3 6 10 14 
0 6 2 5 7 9 11 14 
0 5 1 4 11 12 14 
0 4 4 6 12 14 
0 6 2 3 6 7 11 12 
0 5 1 7 8 9 13 
0 5 0 3 4 10 14 
0 5 1 4 5 11 13 
0 2 5 13 
0 2 1 5 
0 3 0 6 14 
0 4 1 2 4 7 
0 4 2 3 4 14 
9 3 5 7 8 
0 7 0 1 2 3 6 10 12 
92 3 1861
0 5 3 23 37 49 85 
0 5 27 67 69 73 82 
0 6 39 54 61 62 68 89 
0 8 0 10 13 15 21 23 37 47 
9 8 37 54 56 58 59 64 65 89 
9 7 8 17 30 33 44 75 85 
0 6 15 17 23 30 33 34 
9 3 55 63 70 
0 8 5 17 18 41 44 53 66 90 
6 6 27 58 61 68 73 89 
0 7 3 15 21 22 26 38 83 
0 4 14 18 76 90 
0 8 16 19 24 42 45 48 71 87 
0 4 3 21 24 47 
0 8 11 19 20 28 35 76 80 90 
0 7 3 6 10 23 34 38 40 
0 6 12 22 32 45 48 83 
0 8 5 6 8 20 30 34 40 90 
0 9 8 11 31 36 41 76 77 90 91 
0 6 12 14 28 42 48 80 
0 7 14 17 40 60 80 84 90 
2 6 3 10 13 24 45 83 
0 6 10 16 25 26 32 83 
0 6 0 3 6 15 33 85 
0 6 12 13 21 45 47 71 
0 4 22 26 32 84 
0 7 10 22 25 38 43 60 84 
6 6 1 9 67 68 73 82 
5 6 14 19 29 35 42 51 
12 6 28 35 51 55 57 70 
0 4 5 6 17 33 
0 4 18 41 74 77 
0 6 16 22 25 48 80 84 
0 5 5 6 23 30 85 
5 4 6 15 17 40 
0 6 14 28 29 36 70 76 
0 6 18 35 70 76 81 91 
0 7 0 3 4 47 49 64 65 
0 5 10 15 26 40 43 
0 4 2 54 62 64 
0 7 15 17 20 34 38 43 60 
0 5 8 18 31 53 74 
0 6 12 19 28 51 87 88 
0 4 26 38 40 60 
0 5 5 8 66 75 79 
0 5 12 16 21 24 83 
5 5 50 53 74 77 78 
0 6 3 13 24 37 65 71 
0 5 12 16 19 32 80 
0 6 0 37 62 64 68 82 
0 6 46 63 77 78 81 91 
2 6 28 29 42 57 72 88 
0 4 59 65 72 87 
5 6 8 41 46 66 74 78 
0 5 2 4 39 64 89 
0 5 7 29 57 63 70 
0 5 4 58 59 72 86 
0 3 29 51 55 
0 7 4 9 56 69 73 86 89 
0 5 4 52 56 65 72 
0 5 20 26 40 43 84 
6 4 2 9 68 89 
0 5 2 39 49 64 68 
0 5 7 50 55 70 81 
2 6 4 37 39 49 54 62 
5 7 4 37 47 52 59 71 87 
5 5 8 44 53 78 79 
0 3 1 27 82 
0 7 2 9 27 49 61 62 82 
0 5 1 58 73 82 86 
0 7 7 29 35 36 55 63 81 
0 5 12 24 47 65 87 
9 7 51 52 56 59 86 87 88 
0 5 1 9 27 58 69 
0 5 31 41 46 53 77 
0 4 5 44 79 85 
0 5 11 14 18 35 36 
0 6 18 31 46 50 74 91 
2 6 46 50 53 66 79 85 
0 5 44 66 75 78 85 
0 6 14 19 20 32 48 84 
1 5 36 50 63 70 91 
0 6 1 27 49 67 68 69 
0 5 10 16 21 22 45 
0 6 20 25 26 32 60 80 
5 7 0 5 23 33 75 78 79 
0 4 56 58 69 72 
0 7 12 42 52 65 71 72 88 
12 4 42 51 72 87 
5 6 2 4 9 54 58 61 
0 6 8 11 14 17 18 20 
0 5 18 36 50 77 81 
1 3 1862
9 1 0
2 3 1863
0 1 1
0 1 0
3 5 1864
0 2 1 2
6 2 0 2
0 2 0 1
3 3 1865
6 2 1 2
5 2 0 2
0 2 0 1
5 3 1866
0 2 1 4 
6 3 0 3 4 
0 2 3 4 
0 3 1 2 4 
0 4 0 1 2 3 
2 3 1867
0 1 1
0 1 0
6 9 1872
0 3 1 3 4 
9 5 0 2 3 4 5 
0 2 1 3 
0 4 0 1 2 4 
4 4 0 1 3 5 
12 2 1 4 
56 3 18765
0 4 10 20 37 53 
4 5 28 33 48 52 53 
5 5 16 19 32 42 54 
1 8 5 13 15 21 24 36 40 44 
0 6 6 7 9 12 15 24 
0 5 3 24 36 49 55 
0 6 4 7 11 12 18 45 
0 5 4 6 9 16 54 
0 6 10 17 19 28 32 33 
0 5 4 7 24 42 54 
9 5 0 8 28 48 53 
0 4 6 12 15 18 
0 4 4 6 11 15 
0 6 3 15 23 35 40 51 
0 5 18 23 45 47 51 
0 8 3 4 11 12 13 18 23 24 
5 4 2 7 19 54 
1 5 8 32 33 49 55 
0 6 6 11 14 15 23 45 
1 4 2 8 16 32 
0 6 0 30 37 43 52 53 
0 4 3 36 44 49 
0 7 25 26 29 31 38 39 43 
4 5 13 14 15 18 51 
0 9 3 4 5 9 15 34 41 42 55 
0 4 22 29 37 39 
0 7 22 27 29 31 38 45 50 
0 6 26 35 38 46 47 50 
0 5 1 8 10 33 48 
0 5 22 25 26 31 45 
0 5 20 35 38 43 52 
0 3 22 26 29 
0 8 2 8 17 19 34 41 42 55 
0 7 1 8 17 28 40 49 52 
0 4 24 32 41 42 
0 8 13 27 30 38 40 47 51 52 
0 4 3 5 21 49 
0 5 0 20 25 39 43 
0 6 22 26 27 30 35 43 
0 4 22 25 37 43 
0 7 3 13 33 35 44 49 52 
0 4 24 32 34 55 
0 6 2 9 24 32 34 54 
0 6 20 22 30 37 38 39 
0 4 3 21 40 49 
0 8 6 14 18 26 29 46 47 50 
0 4 27 45 47 50 
0 6 14 27 35 45 46 51 
0 4 1 10 28 53 
0 8 5 17 21 33 36 40 44 55 
5 4 26 27 45 46 
0 5 13 14 23 35 47 
0 7 1 20 30 33 35 40 53 
0 6 0 1 10 20 48 52 
0 5 2 7 9 16 42 
0 6 5 17 24 32 41 49 
1 3 18766
0 1 0
25 3 18767
0 4 4 6 13 17 
0 5 8 9 11 12 13 
16 5 5 11 12 20 24 
0 4 10 14 22 23 
0 5 0 14 15 16 17 
0 4 2 7 20 24 
0 5 0 12 13 17 18 
0 6 5 10 19 20 23 24 
1 5 1 11 13 23 24 
5 3 1 12 13 
0 5 3 7 19 22 23 
0 5 1 2 8 12 24 
0 9 1 2 6 9 11 13 18 20 21 
0 6 0 1 6 8 9 12 
0 4 3 4 15 22 
0 5 4 14 16 19 22 
0 6 4 15 17 18 19 21 
0 5 0 4 6 16 18 
0 5 6 12 16 17 21 
0 7 7 10 15 16 20 21 22 
0 6 2 5 7 12 19 21 
0 5 12 16 18 19 20 
0 5 3 10 14 15 19 
1 5 3 7 8 10 24 
0 6 2 5 7 8 11 23 
8 5 1894
0 3 2 4 7 
0 5 2 3 5 6 7 
0 4 0 1 4 7 
0 2 1 5 
0 2 0 2 
0 3 1 3 6 
5 3 1 5 7 
0 4 0 1 2 6 
6 5 1895
9 4 1 3 4 5 
0 3 0 3 5 
0 3 3 4 5 
0 5 0 1 2 4 5 
0 4 0 2 3 5 
0 5 0 1 2 3 4 
3 5 1896
0 2 1 2
0 2 0 2
0 2 0 1
7 5 1897
0 2 4 5 
0 2 3 4 
0 4 3 4 5 6 
0 4 1 2 4 6 
0 5 0 1 2 3 5 
0 4 0 2 4 6 
0 3 2 3 5 
1 5 1898
0 1 0
9 5 1899
0 4 1 4 5 8 
0 6 0 4 5 6 7 8 
0 3 3 5 7 
0 2 2 7 
0 3 0 1 8 
0 4 0 1 2 7 
0 2 1 7 
0 5 1 2 3 5 6 
0 3 0 1 4 
1 4 18993
12 1 0
3 3 1900
0 2 1 2
1 2 0 2
6 2 0 1
4 5 1901
0 3 1 2 3 
0 2 0 3 
0 2 0 3 
0 3 0 1 2 
1 3 1909
0 1 0
6 3 1910
0 4 2 3 4 5 
1 3 2 3 4 
0 4 0 1 3 5 
0 4 0 1 2 4 
0 3 0 1 3 
0 2 0 2 
12 5 1911
0 7 1 2 4 5 6 7 9 
0 4 0 6 9 11 
0 6 0 3 4 7 8 10 
0 4 2 4 5 8 
0 4 0 2 3 5 
0 3 0 3 4 
0 5 0 1 7 9 11 
0 5 0 2 6 8 10 
0 4 2 3 7 10 
0 4 0 1 6 11 
0 3 2 7 8 
0 3 1 6 9 
2 5 1912
0 1 1
0 1 0
3 5 1914
0 2 1 2
0 2 0 2
0 2 0 1
4 5 1922
0 2 1 2 
0 3 0 2 3 
0 3 0 1 3 
0 2 1 2 
2 5 1923
0 1 1
9 1 0
2 2 1924
9 1 1
9 1 0
3 5 1925
0 2 1 2
9 2 0 2
9 2 0 1
6 7 1929
0 3 1 2 4 
0 5 0 2 3 4 5 
1 3 0 1 5 
0 3 1 4 5 
0 3 0 1 3 
0 3 1 2 3 
1 7 1930
0 1 0
2 7 1932
9 1 1
0 1 0
3 7 1933
0 2 1 2
0 2 0 2
0 2 0 1
1 7 1938
0 1 0
4 7 1939
0 2 1 3 
0 3 0 2 3 
0 2 1 3 
0 3 0 1 2 
3 5 1940
0 2 1 2
0 2 0 2
0 2 0 1
2 3 1943
0 1 1
0 1 0
3 5 1944
0 2 1 2
0 2 0 2
0 2 0 1
5 5 1945
0 3 2 3 4 
0 3 2 3 4 
0 3 0 1 3 
0 4 0 1 2 4 
0 3 0 1 3 
1 5 1947
0 1 0
1 5 1954
0 1 0
2 5 1955
1 1 1
0 1 0
2 5 1956
0 1 1
0 1 0
13 5 1961
0 4 2 4 6 12 
0 2 7 10 
0 5 0 4 8 10 12 
0 5 5 6 9 11 12 
0 5 0 2 5 6 10 
0 5 3 4 6 9 10 
0 5 0 3 4 5 12 
0 3 1 8 10 
0 4 2 7 10 12 
0 3 3 5 11 
0 6 1 2 4 5 7 8 
0 2 3 9 
0 5 0 2 3 6 8 
1 5 1968
0 1 0
6 5 1969
0 3 1 3 4 
0 5 0 2 3 4 5 
0 2 1 4 
0 3 0 1 5 
0 3 0 1 2 
0 2 1 3 
1 3 19697
1 1 0
6 5 1970
0 2 1 4 
9 4 0 2 3 4 
0 3 1 3 5 
0 4 1 2 4 5 
0 3 0 1 3 
0 2 2 3 
1 5 19700
0 1 0
1 5 19702
0 1 0
1 5 19706
0 1 0
2 5 1971
0 1 1
0 1 0
3 5 1972
0 2 1 2
1 2 0 2
0 2 0 1
2 5 1978
0 1 1
0 1 0
1 9 19875
2 1 0
1 7 19957
0 1 0
3 7 200
0 2 1 2
0 2 0 2
0 2 0 1
5 3 2001
0 3 1 2 3 
0 3 0 2 4 
1 4 0 1 3 4 
0 2 0 2 
0 2 1 2 
1 5 2002
0 1 0
2 3 2003
0 1 1
14 1 0
1 5 20057
0 1 0
2 5 20058
0 1 1
0 1 0
1 7 2009
0 1 0
2 5 20097
0 1 1
0 1 0
1 5 20098
0 1 0
1 5 20101
0 1 0
1 5 20105
0 1 0
2 3 20111
9 1 1
0 1 0
1 3 20117
0 1 0
1 3 20118
13 1 0
1 3 20119
0 1 0
1 3 20120
0 1 0
2 3 20123
5 1 1
5 1 0
1 3 20124
0 1 0
1 3 20127
0 1 0
3 3 20130
12 2 1 2
0 2 0 2
1 2 0 1
11 9 20166
12 4 1 6 9 10 
12 4 0 5 9 10 
4 4 3 4 5 7 
0 4 2 4 7 10 
4 6 2 3 5 6 9 10 
0 6 1 2 4 7 8 9 
0 4 0 4 9 10 
4 5 2 3 5 8 10 
0 2 5 7 
12 5 0 1 4 5 6 
12 6 0 1 3 4 6 7 
1 5 2022
0 1 0
1 5 204
9 1 0
1 9 20420
12 1 0
1 2 205
9 1 0
3 5 2076
0 2 1 2
0 2 0 2
0 2 0 1
3 9 208
9 2 1 2
9 2 0 2
12 2 0 1
19 3 209
0 5 2 4 9 13 14 
0 6 3 5 7 11 13 16 
0 4 0 6 9 14 
0 3 1 16 17 
0 5 0 12 13 14 18 
0 5 1 8 11 12 13 
0 6 2 7 9 10 14 16 
0 5 1 6 9 13 16 
0 4 5 12 13 18 
0 5 0 2 6 7 13 
2 4 6 14 15 16 
0 2 1 5 
0 5 4 5 8 14 18 
4 8 0 1 4 5 7 8 9 18 
0 6 0 2 4 6 10 12 
0 3 10 16 17 
0 7 1 3 6 7 10 15 17 
0 3 3 15 16 
0 4 4 8 12 13 
5 5 2094
0 3 1 2 3 
1 3 0 2 4 
0 4 0 1 3 4 
0 3 0 2 4 
0 3 1 2 3 
1 3 2098
0 1 0
13 3 20988
1 5 2 6 7 9 11 
0 5 3 4 5 6 8 
0 4 0 6 8 11 
0 5 1 4 5 8 12 
0 3 1 3 5 
0 6 1 3 4 6 7 12 
0 6 0 1 2 5 7 8 
0 6 0 5 6 9 10 12 
0 4 1 2 3 6 
0 4 0 7 10 11 
0 4 7 9 11 12 
1 4 0 2 9 10 
0 4 3 5 7 10 
3 9 2116
9 2 1 2
9 2 0 2
9 2 0 1
1 5 2125
0 1 0
1 5 21323
0 1 0
1 5 21331
1 1 0
1 5 21358
1 1 0
1 5 21360
0 1 0
1 5 21361
0 1 0
1 5 21405
0 1 0
1 5 21409
0 1 0
2 5 21418
0 1 1
0 1 0
1 5 21419
5 1 0
1 5 2142
0 1 0
7 5 21423
0 4 1 3 5 6 
0 4 0 3 4 6 
0 3 3 4 5 
0 5 0 1 2 4 5 
0 4 1 2 3 6 
0 3 0 2 3 
0 3 0 1 4 
5 5 21436
0 4 1 2 3 4 
0 3 0 2 4 
0 3 0 1 3 
0 3 0 2 4 
0 3 0 1 3 
9 5 21437
0 5 3 5 6 7 8 
0 7 2 3 4 5 6 7 8 
0 2 1 4 
0 4 0 1 6 7 
0 3 1 2 7 
0 3 0 1 8 
0 4 0 1 3 8 
2 4 0 1 3 4 
0 4 0 1 5 6 
2 5 21488
0 1 1
0 1 0
1 9 2158
9 1 0
2 5 21657
0 1 1
0 1 0
2 5 21659
2 1 1
0 1 0
1 9 2174
9 1 0
3 5 2177
0 2 1 2
5 2 0 2
1 2 0 1
1 5 2182
0 1 0
1 3 21879
1 1 0
6 3 21893
5 3 1 2 3 
0 3 0 2 4 
12 5 0 1 3 4 5 
9 3 0 2 5 
0 3 1 2 5 
0 3 2 3 4 
1 9 2213
9 1 0
1 9 2215
9 1 0
1 3 22207
0 1 0
2 9 2224
4 1 1
12 1 0
1 9 22341
9 1 0
1 9 22409
9 1 0
1 3 2243
0 1 0
1 5 22497
9 1 0
1 2 2257
9 1 0
20 3 226
0 4 8 12 15 19 
0 4 5 6 18 19 
0 5 4 5 13 16 18 
1 4 7 8 9 12 
0 5 2 5 6 13 14 
5 5 1 2 4 6 18 
0 5 1 4 5 14 19 
1 3 3 8 12 
0 5 0 3 7 12 19 
13 4 3 11 12 17 
1 4 11 16 17 18 
0 5 9 10 12 16 17 
0 9 0 3 7 8 9 11 13 15 16 
0 6 2 4 12 14 15 16 
0 5 4 6 13 15 19 
0 5 0 12 13 14 19 
0 6 2 10 11 12 13 18 
0 4 9 10 11 18 
5 6 1 2 5 10 16 17 
0 6 0 1 6 8 14 15 
1 7 2260
0 1 0
1 5 2279
5 1 0
3 5 23027
6 2 1 2
0 2 0 2
0 2 0 1
1 5 2309
14 1 0
2 5 2311
14 1 1
1 1 0
1 5 2312
0 1 0
5 3 232
0 3 2 3 4 
0 2 3 4 
0 3 0 3 4 
0 4 0 1 2 4 
0 4 0 1 2 3 
1 9 2326
8 1 0
1 3 2334
1 1 0
1 3 2335
0 1 0
1 5 2341
0 1 0
1 9 23521
4 1 0
2 3 23527
12 1 1
0 1 0
1 7 23529
0 1 0
1 5 23532
0 1 0
3 5 23534
12 2 1 2
0 2 0 2
0 2 0 1
1 7 23537
0 1 0
1 7 23538
0 1 0
5 5 23541
0 3 1 2 4 
0 2 0 2 
0 4 0 1 3 4 
0 2 2 4 
0 3 0 2 3 
6 3 23543
0 3 1 3 5 
0 3 0 2 3 
0 4 1 3 4 5 
0 4 0 1 2 5 
1 2 2 5 
0 4 0 2 3 4 
2 3 23545
0 1 1
0 1 0
3 3 23547
1 2 1 2
5 2 0 2
0 2 0 1
1 7 23548
1 1 0
5 7 23557
0 3 1 3 4 
0 2 0 3 
2 2 3 4 
0 4 0 1 2 4 
0 3 0 2 3 
1 3 23559
0 1 0
1 5 2389
0 1 0
1 4 24042
0 1 0
1 3 24355
0 1 0
1 5 24360
0 1 0
1 5 24429
9 1 0
1 9 2472
9 1 0
1 5 24789
0 1 0
1 5 24790
0 1 0
3 5 24802
0 2 1 2
0 2 0 2
0 2 0 1
1 9 24866
9 1 0
1 3 25237
0 1 0
1 3 25655
0 1 0
1 5 2611
14 1 0
1 4 26172
12 1 0
1 5 2618
0 1 0
3 4 262
12 2 1 2
12 2 0 2
12 2 0 1
2 5 2640
0 1 1
9 1 0
1 5 2648
0 1 0
3 3 26541
0 2 1 2
0 2 0 2
0 2 0 1
1 5 2660
0 1 0
1 5 2664
0 1 0
1 5 2672
0 1 0
1 5 2674
14 1 0
1 5 2675
0 1 0
2 5 2677
0 1 1
0 1 0
3 5 2682
0 2 1 2
0 2 0 2
0 2 0 1
1 5 2683
0 1 0
2 5 2692
1 1 1
0 1 0
1 5 2693
0 1 0
1 5 2694
12 1 0
3 5 2695
0 2 1 2
5 2 0 2
0 2 0 1
4 5 2696
0 2 2 3 
5 2 2 3 
0 3 0 1 3 
0 3 0 1 2 
1 5 2698
0 1 0
1 5 272
14 1 0
1 9 2722
2 1 0
1 9 2745
9 1 0
1 9 2774
9 1 0
4 5 2782
0 2 1 2 
0 3 0 2 3 
5 3 0 1 3 
0 2 1 2 
1 7 2805
0 1 0
16 5 2806
9 4 3 6 10 15 
9 4 2 4 7 9 
9 5 1 4 9 12 13 
9 6 0 6 8 9 11 15 
9 5 1 2 5 7 13 
9 4 4 7 8 13 
9 5 0 3 8 10 13 
9 3 1 4 5 
0 4 3 5 6 13 
9 6 1 2 3 11 12 14 
0 4 0 6 13 15 
9 5 3 9 12 14 15 
0 6 2 9 11 13 14 15 
0 8 2 4 5 6 8 10 12 15 
9 3 9 11 12 
9 6 0 3 10 11 12 13 
2 3 2807
0 1 1
1 1 0
1 5 2811
9 1 0
1 5 2813
14 1 0
3 3 2814
9 2 1 2
12 2 0 2
0 2 0 1
3 3 2818
6 2 1 2
0 2 0 2
0 2 0 1
1 9 2841
9 1 0
1 4 28423
7 1 0
1 4 28437
12 1 0
1 5 2857
9 1 0
1 3 28631
0 1 0
1 5 28669
0 1 0
1 5 287
14 1 0
3 3 288
0 2 1 2
0 2 0 2
5 2 0 1
1 9 28803
9 1 0
1 9 28804
9 1 0
2 9 28813
21 1 1
9 1 0
1 5 2885
0 1 0
4 5 28941
0 2 1 3 
0 3 0 2 3 
1 2 1 3 
5 3 0 1 2 
1 3 29107
0 1 0
1 5 29141
0 1 0
2 5 2926
0 1 1
0 1 0
1 2 293
9 1 0
22 2 294
9 8 1 4 7 10 11 14 16 19 
9 4 0 2 7 10 
9 5 1 7 8 10 11 
9 6 5 12 13 14 15 17 
9 4 0 6 9 14 
9 4 3 12 15 21 
9 4 4 9 14 15 
9 5 0 1 2 8 19 
9 4 2 7 18 19 
9 3 4 6 15 
9 4 0 1 2 11 
9 3 0 2 10 
9 4 3 5 13 21 
9 4 3 12 17 21 
9 7 0 3 4 6 15 16 17 
9 8 3 5 6 9 14 18 20 21 
9 5 0 14 17 19 20 
9 6 3 13 14 16 20 21 
9 4 8 15 19 20 
9 6 0 7 8 16 18 20 
9 6 15 16 17 18 19 21 
9 6 5 12 13 15 17 20 
2 3 2950
0 1 1
1 1 0
3 3 2951
0 2 1 2
2 2 0 2
0 2 0 1
1 9 296
9 1 0
1 9 297
9 1 0
1 3 29781
0 1 0
4 7 29782
13 2 2 3 
0 2 2 3 
0 3 0 1 3 
0 3 0 1 2 
9 3 298
0 3 2 5 8 
0 4 2 4 5 6 
6 5 0 1 4 5 8 
0 3 5 6 7 
0 5 1 2 6 7 8 
0 5 0 1 2 3 6 
0 5 1 3 4 5 7 
0 3 3 4 6 
0 3 0 2 4 
1 5 3000
0 1 0
2 3 3005
1 1 1
0 1 0
1 3 30191
0 1 0
2 3 3027
0 1 1
0 1 0
2 9 30280
12 1 1
12 1 0
1 9 30307
9 1 0
1 5 3035
2 1 0
6 5 30388
0 3 2 4 5 
0 3 2 3 5 
1 5 0 1 3 4 5 
0 4 1 2 4 5 
0 3 0 2 3 
0 4 0 1 2 3 
3 3 3043
0 2 1 2
0 2 0 2
0 2 0 1
8 7 3044
0 2 1 5 
0 5 0 2 3 5 7 
4 4 1 3 6 7 
0 3 1 2 6 
0 2 5 7 
0 4 0 1 4 7 
5 3 2 3 7 
1 5 1 2 4 5 6 
2 5 3045
0 1 1
0 1 0
1 5 3046
12 1 0
1 5 3048
9 1 0
1 3 30480
0 1 0
2 5 30569
0 1 1
0 1 0
1 5 30593
0 1 0
1 9 306
9 1 0
1 3 30606
1 1 0
1 5 3063
9 1 0
4 5 3069
0 3 1 2 3 
14 3 0 2 3 
0 2 0 1 
0 2 0 1 
4 3 30750
0 2 2 3 
0 2 2 3 
9 3 0 1 3 
9 3 0 1 2 
1 5 30754
0 1 0
1 5 30786
0 1 0
2 3 308
0 1 1
0 1 0
5 9 30890
12 3 2 3 4 
4 2 3 4 
4 3 0 3 4 
9 4 0 1 2 4 
9 4 0 1 2 3 
1 9 309
9 1 0
1 9 31
9 1 0
1 5 3117
5 1 0
1 5 3127
14 1 0
1 10 31419
8 1 0
1 9 3151
9 1 0
2 3 316
0 1 1
0 1 0
1 10 31665
9 1 0
1 5 317
9 1 0
11 5 318
0 5 1 2 5 7 8 
0 4 0 4 5 6 
0 3 0 7 8 
0 3 4 6 9 
0 5 1 3 5 6 9 
0 6 0 1 4 8 9 10 
0 5 1 3 4 8 9 
0 3 0 2 8 
0 7 0 2 5 6 7 9 10 
0 6 3 4 5 6 8 10 
0 3 5 8 9 
1 9 32
9 1 0
2 9 3215
12 1 1
9 1 0
2 5 3216
0 1 1
0 1 0
1 3 3217
0 1 0
1 3 3218
1 1 0
2 5 3219
0 1 1
0 1 0
1 5 3229
1 1 0
2 5 3231
0 1 1
0 1 0
1 5 3232
0 1 0
1 5 3235
0 1 0
1 3 3262
0 1 0
1 5 327
0 1 0
1 5 3300
0 1 0
1 5 3322
0 1 0
2 5 3326
0 1 1
0 1 0
1 5 3327
0 1 0
1 5 3329
0 1 0
2 5 3335
5 1 1
0 1 0
1 5 3336
13 1 0
1 5 3337
0 1 0
1 5 3340
13 1 0
1 4 3342
9 1 0
1 5 336
1 1 0
3 5 3374
0 2 1 2
0 2 0 2
0 2 0 1
1 9 34
12 1 0
10 3 341
0 5 1 3 7 8 9 
0 4 0 3 4 7 
0 4 3 4 6 7 
0 4 0 1 2 4 
0 4 1 2 3 7 
0 3 6 7 8 
0 3 2 5 7 
5 7 0 1 2 4 5 6 8 
1 4 0 5 7 9 
0 2 0 8 
4 5 3418
0 3 1 2 3 
0 3 0 2 3 
0 2 0 1 
5 2 0 1 
1 3 342
0 1 0
1 5 3426
0 1 0
1 5 343
0 1 0
2 5 3432
0 1 1
0 1 0
2 5 3434
0 1 1
0 1 0
1 3 3435
1 1 0
2 5 3444
0 1 1
5 1 0
3 5 3450
0 2 1 2
0 2 0 2
5 2 0 1
3 5 3453
0 2 1 2
0 2 0 2
0 2 0 1
2 3 3454
0 1 1
0 1 0
9 3 346
0 6 1 2 4 5 6 8 
0 4 0 5 7 8 
0 4 0 4 6 8 
0 3 6 7 8 
12 3 0 2 6 
1 3 0 1 8 
0 6 0 2 3 4 7 8 
0 4 1 3 6 8 
0 7 0 1 2 3 5 6 7 
5 5 347
1 4 1 2 3 4 
0 4 0 2 3 4 
0 2 0 1 
0 3 0 1 4 
5 3 0 1 3 
1 5 3479
0 1 0
6 3 349
4 4 2 3 4 5 
0 2 3 5 
0 3 0 4 5 
0 4 0 1 4 5 
9 3 0 2 3 
9 4 0 1 2 3 
2 5 350
14 1 1
9 1 0
1 5 3546
0 1 0
2 5 3550
0 1 1
0 1 0
1 5 3551
0 1 0
1 3 3552
0 1 0
4 5 3558
0 3 1 2 3 
0 3 0 2 3 
9 3 0 1 3 
0 3 0 1 2 
2 5 3560
14 1 1
14 1 0
2 5 3561
0 1 1
0 1 0
3 3 3562
9 2 1 2
0 2 0 2
0 2 0 1
4 5 3563
0 3 1 2 3 
0 3 0 2 3 
0 2 0 1 
5 2 0 1 
7 3 3564
0 5 1 2 3 5 6 
0 4 0 2 3 4 
0 3 0 1 3 
0 5 0 1 2 4 6 
0 3 1 3 6 
1 2 0 6 
0 4 0 3 4 5 
2 5 3567
6 1 1
0 1 0
1 5 3568
0 1 0
1 5 3570
12 1 0
18 3 3583
0 4 1 9 13 15 
0 5 0 13 15 16 17 
0 3 4 5 8 
1 3 6 7 11 
0 6 2 5 8 9 14 15 
0 6 2 4 8 11 15 17 
0 5 3 8 11 13 14 
1 3 3 10 11 
0 6 2 4 5 6 11 14 
0 5 0 4 13 14 15 
0 3 7 11 12 
0 8 3 5 6 7 8 10 12 17 
1 4 10 11 16 17 
0 5 0 1 6 9 14 
0 5 4 6 8 9 13 
0 6 0 1 4 5 9 17 
0 3 1 12 17 
0 6 1 5 11 12 15 16 
6 5 360
0 5 1 2 3 4 5 
0 3 0 3 4 
0 4 0 3 4 5 
0 3 0 1 2 
0 4 0 1 2 5 
0 3 0 2 4 
6 5 361
0 2 2 5 
0 3 2 3 4 
0 4 0 1 4 5 
0 3 1 4 5 
0 4 1 2 3 5 
0 4 0 2 3 4 
1 3 3617
0 1 0
5 5 362
0 2 3 4 
0 2 2 3 
0 3 1 3 4 
0 4 0 1 2 4 
0 3 0 2 3 
3 5 363
0 2 1 2
0 2 0 2
1 2 0 1
12 5 364
0 3 1 3 7 
0 4 0 3 6 7 
0 2 4 9 
0 4 0 1 5 6 
0 4 2 7 9 10 
0 6 3 6 7 8 10 11 
0 5 1 3 5 7 11 
0 7 0 1 4 5 6 10 11 
0 3 5 9 10 
0 4 2 4 8 10 
0 5 4 5 7 8 9 
0 3 5 6 7 
2 5 365
0 1 1
0 1 0
2 5 366
0 1 1
9 1 0
1 5 367
0 1 0
1 9 3676
9 1 0
1 5 369
0 1 0
7 5 371
0 3 2 5 6 
1 2 4 6 
0 4 0 3 4 6 
0 2 2 4 
0 4 1 2 3 6 
0 2 0 6 
0 5 0 1 2 4 5 
2 5 373
0 1 1
0 1 0
1 5 375
7 1 0
1 9 3834
9 1 0
3 9 385
0 2 1 2
0 2 0 2
9 2 0 1
1 5 3850
21 1 0
2 5 3856
0 1 1
14 1 0
1 9 387
9 1 0
2 5 3875
0 1 1
0 1 0
2 5 3889
0 1 1
0 1 0
3 3 3890
1 2 1 2
14 2 0 2
0 2 0 1
1 5 3897
0 1 0
9 5 392
0 4 3 4 6 7 
0 2 4 6 
0 4 3 5 7 8 
0 5 0 2 6 7 8 
0 5 0 1 5 6 7 
0 3 2 4 7 
0 4 0 1 3 4 
0 5 0 2 3 4 5 
0 2 2 3 
1 5 3925
14 1 0
1 9 393
9 1 0
1 9 3959
9 1 0
5 5 398
5 4 1 2 3 4 
0 3 0 3 4 
0 3 0 3 4 
9 4 0 1 2 4 
12 4 0 1 2 3 
3 3 3980
0 2 1 2
0 2 0 2
0 2 0 1
1 7 3985
2 1 0
1 9 400
21 1 0
1 9 4010
9 1 0
1 5 4022
14 1 0
1 5 4039
0 1 0
1 9 404
12 1 0
2 5 4040
0 1 1
0 1 0
1 5 4041
1 1 0
2 5 4042
0 1 1
12 1 0
1 5 4043
0 1 0
4 5 4045
0 3 1 2 3 
0 3 0 2 3 
0 3 0 1 3 
1 3 0 1 2 
1 5 4047
0 1 0
1 5 4052
0 1 0
1 5 4055
12 1 0
1 5 4060
0 1 0
1 3 4062
0 1 0
1 9 408
0 1 0
1 5 4088
0 1 0
2 9 4089
0 1 1
0 1 0
3 5 4157
0 2 1 2
5 2 0 2
0 2 0 1
2 9 416
7 1 1
9 1 0
4 3 4187
0 3 1 2 3 
0 3 0 2 3 
0 3 0 1 3 
0 3 0 1 2 
5 5 420
0 2 1 3 
0 3 0 3 4 
0 2 3 4 
0 4 0 1 2 4 
0 3 1 2 3 
1 9 421
9 1 0
2 5 4212
0 1 1
0 1 0
1 5 4228
0 1 0
5 5 4229
14 3 1 3 4 
14 3 0 3 4 
0 2 3 4 
0 4 0 1 2 4 
0 4 0 1 2 3 
6 5 4230
0 4 1 2 3 5 
0 4 0 3 4 5 
0 2 0 3 
0 3 0 1 2 
0 2 1 5 
0 3 0 1 4 
1 9 4231
12 1 0
1 3 427
0 1 0
1 7 430
12 1 0
1 9 4362
9 1 0
2 5 4382
0 1 1
0 1 0
1 5 4390
0 1 0
3 3 4399
0 2 1 2
0 2 0 2
0 2 0 1
1 5 4400
0 1 0
1 5 4425
14 1 0
1 5 4434
9 1 0
1 5 4436
0 1 0
1 3 4493
0 1 0
1 9 45
9 1 0
7 5 455
9 5 2 3 4 5 6 
0 4 2 3 4 5 
0 4 0 1 3 5 
0 4 0 1 2 4 
0 4 0 1 3 5 
0 5 0 1 2 4 6 
0 2 0 5 
1 3 4552
1 1 0
11 5 460
0 5 4 5 6 7 9 
12 3 2 3 5 
14 2 1 3 
0 8 1 2 5 6 7 8 9 10 
0 2 0 9 
0 6 0 1 3 7 8 10 
0 4 0 3 7 9 
0 5 0 3 5 6 10 
0 3 3 5 10 
0 4 0 3 4 6 
0 4 3 5 7 8 
4 5 461
0 3 1 2 3 
0 2 0 3 
0 2 0 3 
0 3 0 1 2 
8 3 462
5 5 2 3 5 6 7 
0 6 2 3 4 5 6 7 
0 4 0 1 5 6 
0 3 0 1 7 
0 2 1 6 
1 4 0 1 2 7 
0 4 0 1 2 4 
5 4 0 1 3 5 
1 9 463
9 1 0
4 5 464
0 2 1 2 
0 3 0 2 3 
0 3 0 1 3 
0 2 1 2 
1 9 4648
9 1 0
13 5 466
0 2 2 4 
0 6 2 3 5 6 7 10 
0 4 0 1 4 6 
0 5 1 5 6 10 12 
1 5 0 2 6 11 12 
0 3 1 3 10 
0 5 1 2 3 4 12 
6 5 1 9 10 11 12 
0 3 9 10 12 
0 4 7 8 10 12 
0 7 1 3 5 7 8 9 12 
0 3 4 7 12 
0 8 3 4 6 7 8 9 10 11 
4 3 4664
0 2 1 2 
5 3 0 2 3 
12 3 0 1 3 
0 2 1 2 
3 5 467
0 2 1 2
0 2 0 2
1 2 0 1
8 5 468
0 4 1 2 5 7 
0 4 0 2 3 4 
0 4 0 1 4 7 
1 3 1 4 6 
0 5 1 2 3 6 7 
0 3 0 6 7 
0 4 3 4 5 7 
0 5 0 2 4 5 6 
3 9 469
9 2 1 2
9 2 0 2
7 2 0 1
2 9 4693
9 1 1
9 1 0
1 5 470
0 1 0
3 3 471
0 2 1 2
1 2 0 2
6 2 0 1
3 5 4723
0 2 1 2
0 2 0 2
5 2 0 1
1 9 473
9 1 0
7 3 4743
0 4 1 2 3 4 
1 5 0 3 4 5 6 
0 3 0 4 5 
0 3 0 1 6 
6 4 0 1 2 5 
0 4 1 2 4 6 
0 3 1 3 5 
76 3 4744
0 3 5 27 57 
5 4 18 36 55 58 
0 7 34 40 41 62 66 67 69 
0 6 4 11 29 45 51 71 
1 4 3 11 14 71 
0 7 0 23 27 36 38 57 59 
0 5 25 30 39 47 50 
0 7 17 31 35 42 61 64 66 
5 7 25 29 32 70 72 74 75 
0 5 18 24 33 52 58 
6 3 37 45 51 
0 5 3 4 14 28 29 
9 6 31 35 43 46 61 64 
0 3 34 46 65 
0 5 4 11 23 28 71 
0 5 21 24 30 52 62 
0 5 19 20 53 54 60 
9 4 7 31 42 70 
0 6 1 9 33 36 49 58 
0 6 16 22 48 53 60 68 
0 8 16 36 38 49 52 53 54 59 
0 5 15 30 50 52 54 
0 7 19 23 28 53 56 57 68 
0 7 5 14 22 27 28 56 71 
1 5 9 15 52 58 62 
0 6 6 8 32 39 50 75 
0 4 48 50 54 60 
0 5 0 5 23 56 57 
0 6 11 14 22 23 29 68 
5 8 3 8 11 28 32 51 68 72 
0 9 6 15 21 42 47 50 62 69 73 
9 4 7 12 17 35 
9 6 8 25 29 48 50 68 
0 4 9 18 49 52 
0 6 2 13 36 40 46 67 
0 4 7 12 31 61 
0 9 1 5 18 20 34 38 49 55 67 
0 4 10 44 51 63 
0 4 5 20 36 59 
0 5 6 25 42 47 75 
0 5 2 34 46 64 66 
0 4 2 66 69 73 
0 9 7 17 30 39 47 66 70 73 75 
5 3 12 61 64 
0 5 37 51 63 72 74 
0 4 3 10 51 71 
0 6 12 13 34 40 64 65 
0 4 6 30 39 42 
0 6 19 26 32 50 60 68 
5 5 18 20 33 36 52 
0 8 6 21 25 26 30 32 48 54 
0 7 3 10 29 37 44 45 72 
0 8 9 15 20 21 24 33 49 54 
0 6 16 19 20 22 57 59 
0 7 16 20 21 26 50 52 60 
5 5 1 36 58 62 67 
0 4 22 23 27 57 
0 7 0 5 22 27 53 56 59 
0 6 1 9 18 24 55 62 
0 5 5 20 38 53 57 
0 5 16 19 26 48 54 
0 5 7 12 35 43 64 
0 8 2 15 24 30 55 58 67 69 
9 4 37 44 70 74 
0 7 7 12 40 43 46 61 66 
0 2 13 46 
0 7 2 7 40 41 42 64 73 
0 5 2 34 36 55 62 
5 6 19 22 28 29 32 48 
0 5 2 30 41 62 73 
9 6 8 17 42 63 74 75 
0 5 3 4 14 23 45 
0 5 8 29 44 51 74 
0 5 30 41 42 66 69 
1 5 8 44 63 70 72 
9 5 8 25 39 42 70 
1 3 4750
0 1 0
5 9 4751
9 3 1 2 3 
12 4 0 2 3 4 
0 3 0 1 3 
0 4 0 1 2 4 
9 2 1 3 
7 9 4752
0 4 1 3 4 6 
9 5 0 2 4 5 6 
12 2 1 5 
9 2 0 4 
0 3 0 1 3 
9 3 1 2 6 
9 3 0 1 5 
13 5 4753
0 4 1 3 7 9 
5 6 0 2 3 6 7 12 
0 4 1 6 8 10 
1 5 0 1 6 8 9 
9 4 5 7 11 12 
0 3 4 7 11 
9 5 1 2 3 8 10 
9 6 0 1 4 5 11 12 
0 5 2 3 6 9 10 
0 3 0 3 8 
0 3 2 6 8 
0 3 4 5 7 
0 3 1 4 7 
1 9 4754
9 1 0
1 9 4755
9 1 0
1 9 4758
21 1 0
1 9 4759
9 1 0
2 9 4766
9 1 1
21 1 0
2 9 4768
9 1 1
12 1 0
10 3 4770
0 5 1 2 5 6 9 
0 7 0 2 4 5 6 7 8 
0 4 0 1 5 6 
0 2 8 9 
0 4 1 5 7 9 
0 5 0 1 2 4 9 
0 3 0 1 2 
0 4 1 4 8 9 
0 4 1 3 7 9 
0 6 0 3 4 5 7 8 
15 5 4775
0 3 1 2 5 
9 6 0 2 3 5 7 8 
5 2 0 1 
0 5 1 5 7 9 10 
0 4 8 11 12 14 
0 4 0 1 3 9 
0 4 7 10 12 14 
0 8 1 3 6 8 10 11 13 14 
5 5 1 4 7 11 13 
0 2 3 5 
5 3 3 6 7 
0 5 4 7 8 13 14 
0 3 4 6 14 
1 3 7 8 11 
0 5 4 6 7 11 12 
22 9 4778
9 3 1 15 17 
9 4 0 2 3 17 
9 6 1 3 4 6 7 8 
0 6 1 2 4 5 15 17 
9 5 2 3 5 8 9 
9 7 3 4 9 15 18 19 20 
9 5 2 7 8 11 14 
9 5 2 6 10 13 14 
9 5 2 4 6 9 11 
9 6 4 5 8 11 16 18 
9 7 7 12 13 14 16 18 21 
9 5 6 8 9 14 16 
9 5 10 13 19 20 21 
9 4 7 10 12 20 
9 5 6 7 10 11 16 
9 5 0 3 5 17 20 
9 5 9 10 11 14 18 
9 4 0 1 3 15 
9 6 5 9 10 16 19 21 
9 5 5 12 18 20 21 
12 5 5 12 13 15 19 
9 4 10 12 18 19 
16 3 4779
6 5 2 6 8 14 15 
0 3 3 8 15 
0 6 0 6 7 10 13 15 
0 5 1 4 8 9 15 
0 3 3 8 9 
0 5 7 8 10 11 12 
0 4 0 2 10 14 
0 5 2 5 10 11 13 
0 8 0 1 3 4 5 10 14 15 
0 3 3 4 15 
0 6 2 5 6 7 8 14 
0 4 5 7 12 13 
0 2 5 11 
0 4 2 7 11 15 
0 4 0 6 8 10 
1 7 0 1 2 3 8 9 13 
2 9 4780
9 1 1
9 1 0
1 9 4781
12 1 0
1 9 4782
12 1 0
1 9 4783
9 1 0
9 3 4784
0 3 1 2 5 
0 5 0 2 5 6 8 
0 4 0 1 4 8 
12 4 4 6 7 8 
0 4 2 3 7 8 
0 2 0 1 
0 3 1 3 8 
12 3 3 4 8 
12 6 1 2 3 4 6 7 
4 3 4786
0 3 1 2 3 
0 2 0 3 
0 2 0 3 
0 3 0 1 2 
1 3 4787
0 1 0
1 9 4788
9 1 0
15 5 479
0 5 1 3 6 8 14 
0 4 0 3 5 14 
0 2 9 11 
0 5 0 1 5 6 10 
0 4 6 8 12 14 
0 7 1 3 7 9 10 11 13 
0 6 0 3 4 8 10 12 
0 3 5 11 13 
0 4 0 4 6 14 
0 3 2 5 11 
0 4 3 5 6 13 
0 4 2 5 7 9 
0 3 4 6 14 
0 3 5 7 10 
0 5 0 1 4 8 12 
1 9 4794
9 1 0
3 2 48
0 2 1 2
9 2 0 2
9 2 0 1
25 5 480
0 4 2 5 8 22 
5 5 6 7 9 10 13 
0 4 0 5 8 11 
0 4 4 12 20 24 
0 5 3 7 15 20 24 
0 9 0 2 7 11 12 16 21 22 24 
0 4 1 7 10 21 
0 9 1 4 5 6 9 14 15 21 24 
0 6 0 2 11 16 21 22 
0 4 1 7 13 14 
0 5 1 6 13 21 23 
0 4 2 5 8 16 
0 8 3 5 17 18 19 20 22 24 
0 6 1 9 10 14 15 23 
0 4 7 9 13 15 
0 4 4 7 13 14 
0 4 5 8 11 21 
0 3 12 18 22 
0 4 12 17 19 20 
0 3 12 18 20 
9 5 3 4 12 18 19 
0 7 5 6 7 8 10 16 23 
0 5 0 5 8 12 17 
0 3 10 13 21 
0 5 3 4 5 7 12 
1 9 4825
9 1 0
2 3 4880
0 1 1
0 1 0
1 5 4882
0 1 0
4 5 4889
0 3 1 2 3 
0 3 0 2 3 
0 3 0 1 3 
0 3 0 1 2 
3 7 49
0 2 1 2
0 2 0 2
0 2 0 1
2 3 4926
0 1 1
0 1 0
5 5 4993
0 3 1 2 3 
0 4 0 2 3 4 
0 3 0 1 3 
0 4 0 1 2 4 
0 2 1 3 
2 5 4994
9 1 1
0 1 0
2 7 50
0 1 1
0 1 0
1 9 5031
9 1 0
2 9 51
0 1 1
12 1 0
1 5 5116
1 1 0
1 9 5171
12 1 0
10 9 52
9 4 1 2 4 6 
9 5 0 2 3 6 8 
0 4 0 1 5 8 
9 5 1 6 7 8 9 
9 4 0 6 7 9 
9 2 2 8 
9 5 0 1 3 4 7 
9 4 3 4 6 9 
9 5 1 2 3 5 9 
9 4 3 4 7 8 
1 5 5264
0 1 0
8 5 530
14 4 1 3 4 6 
0 3 0 3 6 
0 3 4 6 7 
0 4 0 1 4 5 
1 5 0 2 3 5 6 
0 2 3 4 
0 5 0 1 2 4 7 
0 2 2 6 
1 5 531
0 1 0
5 5 532
0 4 1 2 3 4 
0 2 0 3 
0 3 0 3 4 
0 3 0 1 2 
0 2 0 2 
2 5 5356
0 1 1
0 1 0
1 5 5358
0 1 0
3 5 5359
1 2 1 2
0 2 0 2
0 2 0 1
1 5 5360
0 1 0
1 5 5361
0 1 0
1 5 5363
0 1 0
1 5 5364
14 1 0
3 5 5369
0 2 1 2
0 2 0 2
0 2 0 1
2 5 5370
0 1 1
14 1 0
1 5 5384
1 1 0
1 3 539
0 1 0
1 9 541
9 1 0
1 7 5417
13 1 0
1 7 5424
12 1 0
9 5 5451
0 5 2 3 5 6 8 
5 4 2 3 4 5 
0 6 0 1 3 6 7 8 
0 4 0 1 2 5 
0 2 1 5 
0 4 0 1 3 4 
0 4 0 2 7 8 
0 3 2 6 8 
0 4 0 2 6 7 
3 5 5453
1 2 1 2
0 2 0 2
1 2 0 1
3 5 5465
9 2 1 2
0 2 0 2
0 2 0 1
9 5 5466
0 3 5 6 7 
0 4 3 4 5 7 
5 3 3 7 8 
0 5 1 2 4 7 8 
0 3 1 3 7 
0 3 0 1 7 
0 2 0 7 
0 8 0 1 2 3 4 5 6 8 
0 3 2 3 7 
3 3 5467
0 2 1 2
0 2 0 2
0 2 0 1
3 5 5468
0 2 1 2
0 2 0 2
9 2 0 1
12 5 5469
0 4 2 5 8 10 
0 3 4 6 7 
0 6 0 4 5 9 10 11 
5 3 4 5 6 
0 7 1 2 3 5 6 7 9 
13 5 0 2 3 4 8 
0 5 1 3 4 7 9 
0 4 1 4 6 9 
0 3 0 5 10 
0 6 2 4 6 7 10 11 
1 5 0 2 8 9 11 
0 3 2 9 10 
2 3 5470
0 1 1
1 1 0
3 5 5498
0 2 1 2
0 2 0 2
1 2 0 1
1 2 55
9 1 0
4 5 550
0 2 1 3 
0 3 0 2 3 
0 2 1 3 
0 3 0 1 2 
5 9 5500
9 4 1 2 3 4 
12 3 0 2 3 
12 4 0 1 3 4 
0 4 0 1 2 4 
9 3 0 2 3 
1 9 5501
9 1 0
3 5 5504
0 2 1 2
0 2 0 2
0 2 0 1
1 5 5509
5 1 0
1 7 551
0 1 0
1 9 5511
2 1 0
1 7 5520
2 1 0
1 9 5546
9 1 0
3 9 5547
9 2 1 2
0 2 0 2
9 2 0 1
1 9 5549
9 1 0
7 3 5550
0 3 2 3 5 
2 3 3 4 6 
0 3 0 5 6 
6 5 0 1 4 5 6 
2 3 1 3 6 
9 4 0 2 3 6 
0 5 1 2 3 4 5 
3 9 5551
0 2 1 2
0 2 0 2
9 2 0 1
1 5 5552
0 1 0
2 9 5555
9 1 1
12 1 0
3 5 5558
16 2 1 2
4 2 0 2
0 2 0 1
1 9 557
0 1 0
1 9 5572
9 1 0
3 9 5573
9 2 1 2
9 2 0 2
2 2 0 1
1 3 5574
0 1 0
1 3 5575
0 1 0
5 3 5576
12 3 1 3 4 
9 3 0 3 4 
0 2 3 4 
0 4 0 1 2 4 
0 4 0 1 2 3 
3 5 5577
0 2 1 2
0 2 0 2
0 2 0 1
3 3 5578
0 2 1 2
0 2 0 2
0 2 0 1
8 5 5580
0 6 1 2 3 4 6 7 
1 4 0 4 5 6 
0 4 0 3 5 7 
1 3 0 2 5 
1 3 0 1 6 
0 5 1 2 3 6 7 
0 5 0 1 4 5 7 
0 4 0 2 5 6 
5 5 5581
0 3 2 3 4 
0 2 2 3 
0 3 0 1 3 
0 4 0 1 2 4 
0 2 0 3 
2 3 5582
0 1 1
13 1 0
12 3 5584
0 4 2 6 7 10 
0 4 2 3 5 9 
9 5 0 1 3 6 7 
0 4 1 2 5 7 
12 4 5 8 10 11 
0 7 1 3 4 7 8 9 11 
0 2 0 2 
0 6 0 2 3 5 8 10 
9 4 4 5 7 10 
0 3 1 5 11 
0 4 0 4 7 8 
5 3 4 5 9 
3 9 559
0 2 1 2
9 2 0 2
9 2 0 1
1 5 5591
9 1 0
5 3 5593
0 2 1 4 
0 3 0 3 4 
0 2 3 4 
1 3 1 2 4 
5 4 0 1 2 3 
1 9 56
9 1 0
2 5 5604
0 1 1
0 1 0
4 5 5608
0 2 1 2 
6 3 0 2 3 
4 3 0 1 3 
1 2 1 2 
1 5 5610
0 1 0
4 5 5611
9 3 1 2 3 
0 2 0 3 
0 2 0 3 
0 3 0 1 2 
7 5 562
0 4 1 2 5 6 
0 4 0 2 4 6 
0 3 0 1 5 
1 2 5 6 
1 2 1 6 
0 4 0 2 3 6 
0 5 0 1 3 4 5 
2 7 5624
0 1 1
0 1 0
83 3 5625
0 6 25 26 44 45 56 68 
0 5 2 18 53 59 69 
0 6 1 3 18 32 46 69 
4 5 2 4 32 41 46 
4 5 3 5 32 41 78 
4 4 4 6 32 78 
4 7 5 10 15 32 63 74 78 
0 5 31 33 54 76 79 
4 6 14 19 36 47 57 62 
4 6 11 12 13 15 38 64 
0 7 6 21 42 43 73 74 78 
4 5 9 12 17 38 39 
4 4 9 11 13 17 
4 3 9 12 17 
4 4 8 36 47 49 
9 8 6 9 32 51 56 63 64 71 
4 7 29 30 40 58 59 62 81 
9 7 11 12 13 35 39 77 80 
4 7 1 2 32 50 53 55 67 
0 6 8 23 47 49 57 79 
4 3 46 58 69 
4 6 10 43 58 60 70 73 
4 6 28 52 55 61 65 66 
4 4 19 33 57 79 
4 6 31 35 54 66 75 76 
0 5 0 26 45 52 65 
0 6 0 25 37 52 56 72 
0 4 37 38 72 80 
0 6 22 48 52 61 72 77 
0 4 16 58 59 69 
4 5 16 36 40 49 81 
4 6 7 24 54 66 67 79 
4 10 2 3 4 5 6 15 18 50 56 68 
4 6 7 23 34 57 76 79 
4 4 33 35 57 76 
4 6 17 24 34 75 76 77 
4 6 8 14 30 40 49 62 
0 6 26 27 38 56 64 72 
0 7 9 11 27 37 39 64 80 
0 4 11 17 38 80 
0 4 16 30 36 62 
4 6 3 4 42 46 60 78 
4 5 10 41 43 60 78 
4 4 10 21 42 60 
0 5 0 45 55 65 68 
0 4 0 25 44 65 
4 7 2 3 20 41 58 60 69 
4 4 8 14 19 49 
12 4 28 61 75 77 
4 7 14 19 30 36 47 79 81 
9 4 18 32 55 68 
4 3 15 63 71 
0 6 22 25 26 28 65 72 
9 6 1 18 59 67 81 82 
4 4 7 24 31 76 
9 8 18 22 44 50 65 66 67 68 
9 7 0 15 26 32 37 64 68 
4 5 8 19 23 33 34 
4 8 16 20 21 29 46 60 62 69 
4 7 1 16 29 53 69 81 82 
4 6 21 41 42 43 46 58 
4 5 22 28 48 66 75 
9 5 8 16 36 40 58 
4 7 6 15 51 70 71 73 74 
4 5 9 15 37 38 56 
9 6 22 25 44 45 52 55 
4 7 22 24 31 55 61 67 75 
4 7 18 31 53 55 66 79 81 
9 6 0 32 44 50 55 56 
4 7 1 2 20 29 46 58 59 
4 4 21 63 71 73 
4 4 15 51 63 70 
0 7 26 27 28 37 52 77 80 
0 5 10 21 63 70 74 
4 4 6 10 63 73 
4 6 24 35 48 61 66 77 
4 6 7 24 33 34 35 54 
4 7 17 28 35 48 72 75 80 
4 6 4 5 6 10 41 42 
4 8 7 19 23 31 33 49 67 81 
0 6 17 27 38 39 72 77 
4 8 16 30 49 53 59 67 79 82 
4 3 53 59 81 
1 3 5634
0 1 0
3 3 564
0 2 1 2
0 2 0 2
0 2 0 1
1 5 5642
14 1 0
3 9 566
9 2 1 2
9 2 0 2
9 2 0 1
1 5 5708
0 1 0
1 5 5745
0 1 0
3 5 5757
9 2 1 2
0 2 0 2
12 2 0 1
4 7 5762
0 3 1 2 3 
0 3 0 2 3 
0 2 0 1 
0 2 0 1 
1 3 5773
2 1 0
1 4 58
9 1 0
2 7 5840
2 1 1
0 1 0
6 3 5845
0 4 1 2 3 4 
0 4 0 2 3 5 
0 3 0 1 5 
0 4 0 1 4 5 
0 3 0 3 5 
0 4 1 2 3 4 
1 9 5871
0 1 0
5 3 5889
0 3 1 2 4 
6 3 0 2 3 
9 4 0 1 3 4 
0 3 1 2 4 
0 3 0 2 3 
2 5 5933
1 1 1
0 1 0
3 9 5998
0 2 1 2
9 2 0 2
4 2 0 1
1 3 6035
0 1 0
1 5 6066
9 1 0
1 9 6143
9 1 0
2 3 6160
0 1 1
0 1 0
4 5 617
5 2 1 2 
0 3 0 2 3 
0 3 0 1 3 
0 2 1 2 
1 2 618
9 1 0
2 5 6217
0 1 1
14 1 0
4 5 6218
0 2 1 3 
0 3 0 2 3 
0 2 1 3 
1 3 0 1 2 
1 9 6234
2 1 0
1 4 6251
12 1 0
1 9 6309
9 1 0
82 9 6310
12 6 15 26 31 45 46 67 
12 5 4 9 13 23 63 
12 4 20 53 55 59 
12 4 50 68 76 81 
12 5 1 9 13 18 34 
12 4 16 18 24 78 
12 6 19 22 33 37 58 69 
0 5 14 16 69 78 79 
12 4 17 36 39 49 
12 5 1 4 11 18 63 
12 6 15 17 41 57 67 71 
12 6 9 18 19 22 23 63 
12 6 28 31 32 68 76 81 
12 5 1 4 23 34 58 
2 5 7 24 73 78 79 
12 8 0 10 45 46 57 61 67 71 
12 6 5 7 18 33 69 78 
12 5 8 10 39 41 57 
12 11 4 5 9 11 16 19 24 33 34 70 73 
12 5 6 11 18 22 33 
12 5 2 53 59 65 72 
12 4 25 65 66 72 
12 5 6 11 19 23 58 
12 6 1 11 13 22 58 63 
12 5 5 14 18 73 78 
12 4 21 51 66 72 
2 6 0 27 30 31 67 80 
2 8 26 35 41 64 67 69 75 80 
0 7 12 31 56 61 64 70 76 
12 3 43 47 60 
9 8 26 31 32 50 68 75 76 80 
12 8 0 12 26 28 30 32 46 61 
12 4 12 30 31 68 
12 5 6 16 18 19 69 
12 9 4 13 18 37 40 54 58 62 70 
0 5 27 36 38 41 69 
12 5 8 35 38 49 69 
2 6 6 34 40 58 62 69 
12 5 35 36 39 41 49 
12 5 8 17 38 41 49 
9 4 34 37 54 62 
7 7 10 17 27 35 38 39 67 
12 7 43 44 51 52 59 60 66 
12 5 29 42 44 47 60 
12 6 42 43 47 48 52 57 
12 3 0 15 46 
12 5 0 15 31 45 61 
12 5 29 43 44 48 60 
12 4 44 47 57 60 
12 4 8 36 38 39 
12 4 3 30 68 76 
12 5 25 42 59 66 72 
12 7 42 44 55 56 57 59 61 
12 5 2 20 54 55 65 
12 6 34 40 53 55 56 70 
12 6 2 52 53 54 56 59 
12 6 28 52 54 55 61 70 
12 9 10 15 17 44 48 52 60 61 66 
0 6 6 13 22 23 34 37 
12 7 2 20 42 51 52 55 72 
4 7 29 42 43 47 48 57 66 
12 7 15 28 31 46 52 56 57 
9 3 34 37 40 
9 4 1 9 11 23 
9 7 27 28 69 70 73 75 76 
0 5 20 21 53 66 72 
12 7 21 25 42 51 57 60 65 
4 7 0 10 15 26 27 41 71 
12 6 3 12 30 32 50 81 
9 13 6 7 16 27 33 35 36 37 64 73 74 77 79 
3 7 18 28 34 54 56 64 73 
12 3 10 15 67 
12 6 20 21 25 51 59 65 
12 8 14 18 24 64 69 70 74 79 
12 4 69 73 77 79 
12 5 27 30 64 76 80 
12 8 3 12 28 30 50 64 75 81 
12 3 69 74 79 
2 5 5 7 14 16 24 
0 6 7 14 69 73 74 77 
4 4 26 27 30 75 
12 4 3 12 68 76 
1 5 6311
0 1 0
1 9 632
12 1 0
1 3 6356
0 1 0
3 3 6357
0 2 1 2
0 2 0 2
0 2 0 1
1 9 6358
9 1 0
1 5 6383
9 1 0
1 3 6392
0 1 0
1 9 6393
9 1 0
6 5 6395
0 5 1 2 3 4 5 
0 2 0 3 
0 2 0 5 
0 3 0 1 4 
0 3 0 3 5 
0 3 0 2 4 
2 3 6398
0 1 1
0 1 0
2 3 6399
0 1 1
0 1 0
1 5 6455
0 1 0
3 9 6476
0 2 1 2
9 2 0 2
4 2 0 1
1 5 6495
0 1 0
1 9 6509
17 1 0
1 9 6516
9 1 0
1 5 6622
9 1 0
1 5 6639
1 1 0
3 5 664
0 2 1 2
0 2 0 2
0 2 0 1
1 5 6647
0 1 0
2 3 6707
12 1 1
0 1 0
1 3 6720
0 1 0
1 3 6722
0 1 0
1 5 6754
0 1 0
1 5 6759
1 1 0
1 5 6766
0 1 0
3 5 6825
0 2 1 2
0 2 0 2
0 2 0 1
8 3 6835
0 3 3 5 7 
0 4 2 3 4 7 
2 5 1 4 5 6 7 
0 3 0 1 7 
0 4 1 2 6 7 
0 3 0 2 7 
2 3 2 4 7 
0 7 0 1 2 3 4 5 6 
2 5 6837
0 1 1
0 1 0
1 9 6878
0 1 0
3 9 6881
0 2 1 2
9 2 0 2
9 2 0 1
2 5 6884
0 1 1
0 1 0
1 9 691
14 1 0
1 5 6915
0 1 0
1 5 6920
0 1 0
1 5 6926
0 1 0
56 3 6951
0 9 1 2 11 21 25 28 34 36 45 
0 4 0 2 23 52 
0 6 0 1 8 11 14 23 
12 5 4 7 22 26 31 
1 14 3 5 7 10 11 12 13 15 29 30 31 38 43 49 
0 5 4 11 12 14 46 
0 3 9 32 51 
9 6 3 4 8 12 46 52 
5 6 2 7 14 23 46 52 
0 5 6 20 32 35 51 
0 6 4 16 31 39 49 53 
0 7 0 2 4 5 14 25 30 
0 4 4 5 7 46 
0 4 4 37 38 43 
0 5 2 5 8 11 46 
0 4 4 29 38 39 
0 5 10 22 26 31 53 
0 4 19 21 28 34 
1 5 19 27 34 36 45 
0 5 17 18 21 34 36 
0 4 9 35 51 54 
0 5 0 17 19 28 36 
2 4 3 16 26 31 
0 4 1 2 8 52 
0 5 26 40 47 50 51 
0 5 0 11 27 30 45 
0 7 3 16 22 24 40 48 53 
0 7 18 25 30 35 36 42 45 
0 4 0 17 21 34 
0 4 4 15 39 49 
0 7 4 11 25 27 32 35 43 
0 5 3 4 10 16 22 
0 8 6 9 30 33 35 43 47 51 
0 4 32 37 43 47 
0 6 0 17 18 19 28 45 
5 7 9 20 27 30 32 42 54 
0 8 0 18 19 21 27 41 42 55 
0 6 13 33 38 39 43 47 
0 5 4 13 15 37 39 
0 9 10 15 29 37 38 47 48 49 53 
12 5 24 26 47 48 50 
0 5 36 42 44 54 55 
5 6 27 35 36 41 44 54 
1 6 4 13 30 32 33 37 
0 3 41 42 54 
0 5 0 18 25 27 34 
0 5 5 7 8 12 14 
0 9 24 32 33 37 39 40 48 50 51 
0 5 26 39 40 47 53 
0 4 4 10 29 39 
5 3 24 40 47 
1 8 6 9 20 24 32 47 54 55 
0 4 1 7 8 23 
0 5 10 16 26 39 48 
0 7 20 35 41 42 44 51 55 
0 4 36 41 51 54 
4 3 6952
0 3 1 2 3 
0 3 0 2 3 
0 3 0 1 3 
0 3 0 1 2 
7 3 6953
0 5 1 2 3 4 5 
0 5 0 2 3 4 6 
1 3 0 1 6 
0 3 0 1 4 
0 5 0 1 3 5 6 
0 2 0 4 
1 3 1 2 4 
4 3 6954
1 2 1 3 
0 3 0 2 3 
0 2 1 3 
0 3 0 1 2 
1 9 696
9 1 0
1 7 6969
0 1 0
2 5 6977
14 1 1
0 1 0
1 5 6986
0 1 0
1 9 6997
9 1 0
11 3 7013
0 4 3 4 9 10 
5 3 5 8 9 
0 3 3 8 10 
0 5 0 2 8 9 10 
0 5 0 6 7 9 10 
2 3 1 7 9 
0 2 4 7 
12 4 4 5 6 9 
0 4 1 2 3 9 
0 7 0 1 3 4 5 7 8 
0 4 0 2 3 4 
1 5 7015
0 1 0
3 9 7053
0 2 1 2
12 2 0 2
12 2 0 1
3 9 7098
16 2 1 2
12 2 0 2
0 2 0 1
1 3 7161
0 1 0
1 3 7193
1 1 0
1 9 7201
2 1 0
12 3 7206
0 4 2 5 8 9 
0 4 4 6 7 11 
0 5 0 3 4 5 8 
5 6 2 4 5 7 9 10 
0 6 1 2 3 7 8 11 
2 4 0 2 3 9 
0 2 1 7 
12 5 1 3 4 6 10 
0 4 0 2 4 11 
0 4 0 3 5 10 
1 3 3 7 9 
0 3 1 4 8 
1 5 7235
0 1 0
1 5 7236
0 1 0
2 5 7237
0 1 1
0 1 0
4 3 7264
0 2 2 3 
0 2 2 3 
0 3 0 1 3 
1 3 0 1 2 
7 3 7280
12 3 2 3 5 
0 4 2 4 5 6 
12 4 0 1 3 5 
1 5 0 2 4 5 6 
0 4 1 3 5 6 
0 5 0 1 2 3 4 
1 3 1 3 4 
3 7 7284
1 2 1 2
0 2 0 2
13 2 0 1
2 5 7286
0 1 1
0 1 0
1 5 7287
1 1 0
1 9 7292
4 1 0
1 5 731
12 1 0
3 9 7336
9 2 1 2
12 2 0 2
12 2 0 1
1 4 7356
12 1 0
2 9 740
9 1 1
9 1 0
1 9 741
9 1 0
4 9 7412
9 3 1 2 3 
9 3 0 2 3 
9 3 0 1 3 
9 3 0 1 2 
1 9 7433
9 1 0
6 3 7442
0 4 1 2 3 5 
0 5 0 2 3 4 5 
1 3 0 1 3 
0 4 0 1 2 5 
0 2 1 5 
0 4 0 1 3 4 
56 3 7474
0 5 20 30 32 39 41 
5 6 11 14 35 47 48 54 
0 5 21 22 25 38 52 
0 4 7 10 25 55 
0 7 13 18 27 28 33 37 50 
5 4 19 46 48 53 
0 6 12 17 26 29 42 47 
0 5 3 10 25 31 43 
0 3 45 51 55 
0 5 10 31 43 44 53 
0 8 3 7 9 36 43 45 53 55 
0 7 1 14 15 16 29 42 48 
0 6 6 15 17 23 29 49 
0 5 4 18 34 35 37 
0 4 1 11 42 47 
0 8 11 12 16 19 21 23 29 44 
0 4 11 15 19 48 
0 7 6 12 23 26 27 49 52 
0 7 4 13 20 33 34 39 41 
0 6 5 15 16 44 48 53 
5 6 0 18 30 34 41 48 
0 6 2 15 23 25 44 52 
0 5 2 24 28 38 52 
0 6 12 15 17 21 49 52 
5 4 22 27 28 52 
1 8 2 3 7 21 31 44 51 55 
5 5 6 17 27 47 50 
5 7 4 17 24 26 28 50 52 
2 8 4 22 24 27 33 38 39 40 
0 5 6 11 12 15 42 
0 7 0 20 32 36 45 46 48 
0 5 7 9 25 43 44 
0 4 0 30 39 45 
0 5 4 18 28 39 40 
0 6 13 18 20 35 48 54 
0 7 1 13 34 37 47 50 54 
0 5 10 30 45 46 53 
0 4 4 13 35 50 
0 4 2 22 28 39 
0 8 0 18 28 32 33 38 40 41 
0 3 28 33 39 
0 4 0 18 20 39 
5 5 6 11 14 29 47 
12 4 7 9 10 31 
0 7 9 15 19 21 25 31 53 
5 7 8 10 30 32 36 51 55 
0 5 5 30 36 48 53 
0 7 1 6 14 26 35 42 50 
0 10 1 5 11 16 19 20 30 34 46 54 
0 3 12 17 23 
5 6 4 26 27 35 37 47 
0 4 8 25 45 55 
0 7 2 17 21 22 23 24 27 
0 7 5 9 10 19 36 44 46 
0 4 1 34 35 48 
0 6 3 8 10 25 45 51 
2 9 7635
9 1 1
9 1 0
1 3 765
1 1 0
1 9 7657
4 1 0
1 5 766
0 1 0
13 3 7660
0 4 3 5 8 12 
0 5 2 5 6 7 10 
0 5 1 4 6 9 11 
0 6 0 5 7 8 9 11 
0 2 2 11 
0 6 0 1 3 7 10 12 
0 4 1 2 7 9 
0 5 1 3 5 6 9 
0 3 0 3 11 
0 5 2 3 6 7 11 
0 3 1 5 12 
0 5 2 3 4 8 9 
0 3 0 5 10 
1 3 7686
9 1 0
1 3 7690
0 1 0
1 7 7694
0 1 0
1 5 7702
2 1 0
2 5 7703
0 1 1
0 1 0
2 9 7726
9 1 1
9 1 0
1 5 7729
9 1 0
2 5 7742
1 1 1
5 1 0
1 5 7753
5 1 0
6 5 7755
0 5 1 2 3 4 5 
9 4 0 2 3 5 
14 3 0 1 4 
0 3 0 1 5 
0 2 0 2 
9 3 0 1 3 
4 9 7789
9 3 1 2 3 
9 3 0 2 3 
9 3 0 1 3 
9 3 0 1 2 
4 5 786
0 3 1 2 3 
5 2 0 3 
0 2 0 3 
1 3 0 1 2 
9 5 787
0 4 1 3 5 7 
0 4 0 5 7 8 
0 3 4 5 8 
0 4 0 4 5 6 
9 4 2 3 5 6 
0 6 0 1 2 3 4 8 
0 2 3 4 
0 3 0 1 8 
0 4 1 2 5 7 
1 9 788
9 1 0
16 3 7905
9 6 3 5 6 10 11 14 
0 6 3 7 10 12 13 15 
0 7 3 7 8 9 11 12 15 
0 6 0 1 2 10 11 15 
0 3 6 9 13 
1 4 0 8 11 14 
5 4 0 4 10 13 
0 4 1 2 12 15 
5 4 2 5 11 14 
0 4 2 4 12 13 
0 5 0 1 3 6 13 
0 5 0 2 3 5 8 
0 5 1 2 7 9 13 
5 6 1 4 6 9 10 12 
0 3 0 5 8 
1 4 1 2 3 7 
3 5 791
0 2 1 2
9 2 0 2
0 2 0 1
2 9 792
9 1 1
0 1 0
10 3 7992
0 4 1 5 7 9 
0 4 0 3 7 9 
0 2 6 8 
1 3 1 4 9 
12 3 3 5 9 
0 6 0 4 6 7 8 9 
12 4 2 5 7 8 
5 4 0 1 5 6 
0 3 2 5 6 
0 5 0 1 3 4 5 
1 5 8008
0 1 0
9 3 8017
0 4 3 4 5 7 
2 4 2 4 7 8 
0 3 1 4 5 
1 3 0 6 7 
0 5 0 1 2 5 7 
1 3 0 2 4 
0 3 3 7 8 
0 6 0 1 3 4 6 8 
1 3 1 6 7 
3 9 802
9 2 1 2
9 2 0 2
9 2 0 1
1 3 8028
0 1 0
1 9 803
9 1 0
1 5 8038
0 1 0
10 9 804
7 4 1 2 4 5 
0 6 0 2 6 7 8 9 
7 5 0 1 3 4 9 
9 6 2 4 6 7 8 9 
9 5 0 2 3 5 6 
9 2 0 4 
9 4 1 3 4 8 
0 4 1 3 8 9 
7 4 1 3 6 7 
9 4 1 2 3 7 
2 3 8045
0 1 1
1 1 0
1 2 805
9 1 0
2 5 8056
0 1 1
0 1 0
1 5 8058
0 1 0
2 5 8061
5 1 1
2 1 0
3 3 8067
0 2 1 2
0 2 0 2
5 2 0 1
1 9 808
12 1 0
2 3 8138
1 1 1
1 1 0
1 5 8180
0 1 0
1 5 8223
0 1 0
1 9 825
9 1 0
2 3 8259
0 1 1
0 1 0
1 9 828
9 1 0
11 3 831
5 3 2 3 4 
0 4 4 5 8 10 
1 4 0 3 4 5 
0 7 0 2 5 7 8 9 10 
14 6 0 1 2 5 6 8 
0 6 1 2 3 4 9 10 
0 3 4 7 8 
0 3 3 6 8 
5 6 1 3 4 6 7 10 
5 3 3 5 10 
0 5 1 3 5 8 9 
1 5 832
14 1 0
1 5 8331
0 1 0
3 3 834
0 2 1 2
1 2 0 2
0 2 0 1
1 5 835
0 1 0
1 4 8350
4 1 0
6 5 8369
4 4 1 2 4 5 
1 4 0 3 4 5 
5 3 0 3 5 
0 4 1 2 4 5 
0 3 0 1 3 
5 4 0 1 2 3 
2 5 8370
0 1 1
0 1 0
1 5 8379
0 1 0
4 5 840
12 3 1 2 3 
9 2 0 2 
0 3 0 1 3 
0 2 0 2 
7 3 841
0 4 2 3 5 6 
0 3 3 4 5 
0 3 0 3 5 
0 5 0 1 2 4 6 
0 4 1 3 5 6 
0 5 0 1 2 4 6 
0 4 0 3 4 5 
1 5 8451
0 1 0
1 9 85
4 1 0
1 9 8516
12 1 0
1 5 8520
9 1 0
1 7 8568
17 1 0
2 7 8569
12 1 1
9 1 0
1 3 8570
9 1 0
3 7 8582
0 2 1 2
0 2 0 2
0 2 0 1
2 9 86
9 1 1
12 1 0
1 7 862
9 1 0
1 3 868
0 1 0
2 3 8743
0 1 1
1 1 0
2 5 8769
9 1 1
9 1 0
1 7 88
0 1 0
4 3 883
0 2 1 3 
0 3 0 2 3 
0 2 1 3 
0 3 0 1 2 
1 7 884
0 1 0
1 5 9093
2 1 0
1 9 9100
14 1 0
1 9 9103
12 1 0
1 9 9106
21 1 0
17 5 913
0 4 3 5 6 8 
0 5 3 5 8 9 10 
0 3 4 5 16 
0 4 0 1 5 8 
0 3 2 5 15 
0 9 0 1 2 3 4 9 10 15 16 
0 3 0 7 8 
0 2 6 8 
0 5 0 1 3 6 7 
0 3 1 5 10 
0 5 1 5 9 11 15 
0 5 10 12 13 14 15 
0 3 11 13 15 
0 4 11 12 14 15 
0 3 11 13 15 
0 7 4 5 10 11 12 13 14 
1 2 2 5 
3 5 914
0 2 1 2
0 2 0 2
0 2 0 1
1 9 9167
9 1 0
1 4 923
12 1 0
12 5 926
0 4 4 5 6 9 
0 4 5 6 8 11 
0 4 7 8 10 11 
5 3 6 10 11 
0 2 0 9 
0 4 0 1 6 11 
0 8 0 1 3 5 8 9 10 11 
5 3 2 10 11 
0 5 1 2 6 10 11 
0 4 0 4 6 11 
0 6 2 3 6 7 8 11 
0 9 1 2 3 5 6 7 8 9 10 
3 5 927
0 2 1 2
0 2 0 2
14 2 0 1
5 5 929
1 3 1 2 4 
0 3 0 3 4 
0 3 0 3 4 
0 3 1 2 4 
1 4 0 1 2 3 
2 5 9304
5 1 1
0 1 0
78 3 9320
2 6 10 18 19 20 59 73 
0 6 36 38 44 54 72 74 
0 6 4 11 14 15 58 76 
0 5 8 28 43 50 72 
0 7 2 12 15 16 37 58 75 
0 6 35 45 49 50 66 67 
0 7 22 23 34 47 64 68 71 
0 5 22 24 25 46 69 
0 8 3 9 26 27 31 43 59 72 
0 4 8 13 27 59 
0 7 0 14 19 30 52 53 73 
0 5 2 14 15 30 40 
0 5 4 37 53 58 73 
0 4 9 18 27 59 
0 6 2 10 11 30 53 76 
0 8 2 4 11 16 17 40 41 42 
0 4 4 15 17 75 
0 9 15 16 42 48 51 54 56 60 75 
0 6 0 13 20 27 29 59 
0 5 0 10 20 29 52 
2 4 0 18 19 29 
2 6 35 36 49 55 57 64 
2 6 6 7 23 24 47 69 
0 6 6 22 24 43 46 68 
0 4 7 22 23 46 
12 7 7 26 31 46 59 69 70 
1 4 8 25 31 59 
5 7 8 9 13 18 29 72 77 
5 4 3 43 50 67 
5 6 18 19 20 27 52 77 
1 5 10 11 14 40 52 
0 5 8 25 26 43 46 
0 5 38 44 57 61 63 
12 6 47 55 62 64 70 71 
0 5 6 45 64 66 68 
0 5 5 21 36 49 50 
0 7 1 21 35 38 50 57 72 
0 5 4 12 48 73 75 
0 5 1 32 36 44 57 
0 5 51 52 72 74 77 
0 5 11 15 30 41 52 
0 4 15 40 42 52 
0 5 15 17 41 51 52 
5 8 3 8 23 28 31 46 67 68 
0 5 1 32 38 54 63 
5 5 5 34 49 64 66 
0 6 7 23 24 25 31 43 
0 6 6 22 33 62 69 71 
9 5 17 37 60 61 75 
0 5 5 21 35 45 64 
0 7 3 5 28 35 36 67 72 
0 6 17 39 42 52 54 74 
0 10 10 19 29 30 39 40 41 42 51 77 
0 6 10 12 14 58 73 76 
0 8 1 17 44 51 56 63 65 74 
0 5 21 33 57 64 70 
0 4 17 54 60 65 
1 6 21 32 36 38 55 61 
0 5 2 4 12 53 76 
4 7 0 8 9 13 18 25 26 
9 5 17 48 56 61 65 
5 6 32 48 57 60 63 65 
1 4 33 47 69 70 
2 5 32 44 54 61 65 
0 8 6 21 33 34 45 49 55 71 
1 5 54 56 60 61 63 
0 5 5 34 45 67 68 
0 6 5 28 43 50 66 68 
0 6 6 23 34 43 66 67 
0 6 7 22 25 47 62 70 
2 5 25 33 55 62 69 
0 4 6 33 47 64 
0 9 1 3 8 27 36 39 50 74 77 
9 5 0 10 12 37 53 
9 5 1 39 51 54 72 
9 5 4 16 17 37 48 
0 4 2 14 53 58 
0 5 27 29 39 52 72 
1 5 9336
0 1 0
1 5 9357
0 1 0
1 5 936
12 1 0
3 5 939
9 2 1 2
0 2 0 2
14 2 0 1
2 9 95
12 1 1
9 1 0
1 5 9533
0 1 0
1 3 9664
0 1 0
2 4 971
9 1 1
12 1 0
2 5 9729
0 1 1
0 1 0
1 3 9730
0 1 0
4 3 9733
0 3 1 2 3 
0 3 0 2 3 
0 3 0 1 3 
0 3 0 1 2 
1 3 9735
0 1 0
1 5 980
0 1 0
8 3 9868
2 5 2 3 5 6 7 
1 4 3 4 5 6 
0 3 0 4 5 
0 4 0 1 6 7 
5 3 1 2 5 
1 5 0 1 2 4 6 
0 5 0 1 3 5 7 
0 3 0 3 6 
1 5 9918
12 1 0
4 3 9970
0 2 1 2 
0 3 0 2 3 
0 3 0 1 3 
0 2 1 2 
