1359
0
10012
10022
10031
10034
10035
10049
10055
10056
10084
10092
10095
101
10136
10184
10221
10222
10236
10237
10238
10239
10248
10256
10258
10259
10261
10265
10266
10268
10274
10275
10280
10362
10363
10364
10365
10367
10369
10375
10440
10454
10534
10556
10568
10603
10619
10648
10650
10678
10680
10714
10717
10718
10734
10736
10737
10754
10755
10759
10810
10814
10823
10833
10835
10845
10862
10869
10870
10872
10878
10880
10886
10895
10896
10904
10905
10906
10915
10926
10934
10937
10938
10942
10949
10956
10961
1105
11107
11108
11111
11112
11117
11133
11164
11214
11217
11223
11244
1126
11273
1128
11281
11287
1131
1132
11431
1148
1150
1155
11550
11572
11626
11630
11632
11633
11635
11639
11640
11649
11650
11651
11662
11670
11683
11691
11693
11705
11757
11776
11860
1191
11944
11945
11968
12005
12027
12028
12039
12040
12099
12102
12133
12147
12148
12167
12168
12240
12263
1228
12287
12292
12304
12305
12306
12310
12311
12312
12313
12314
12315
12320
12323
12325
12330
12340
12343
12344
12346
12348
12371
12376
12384
12385
12387
12388
12422
125
12508
12526
12571
12572
12584
12585
12586
12587
12588
12689
12756
12760
12796
1284
1289
129
130
13034
13035
13042
1306
13123
1316
1319
13193
1320
1321
1322
13245
13268
13289
13300
1336
1337
1338
13386
1339
1340
1342
1343
13431
1345
13457
1346
1347
1348
1349
1350
1352
13532
1356
1357
1359
13600
13609
13624
13652
13670
13681
1369
1370
13709
13713
1373
13754
1377
1378
13836
13837
13838
13841
13844
13845
13847
13848
1385
13851
13853
13854
13855
13857
13868
1387
13878
1388
13881
13884
13887
13888
13893
13895
1390
13903
1391
13912
13915
1392
1393
1394
1395
1396
13967
1397
13970
13971
13972
14
1400
1401
1402
14029
1403
1404
1405
1406
1407
1408
1409
14092
1411
1412
1415
14158
1416
1417
1418
1419
1420
1421
1422
14222
14227
14229
1423
14230
1424
1425
1426
1427
1428
1429
1430
1431
14316
14319
1432
1433
14343
14378
14379
1440
1441
1442
14424
1443
14442
14443
14454
14486
14488
145
14555
1456
1457
1458
1459
14591
14597
1460
14661
1478
1480
14809
1482
1485
14850
14852
1486
1488
1490
1491
1492
1493
1494
1495
1496
14965
1498
14982
14998
15
1500
1502
1504
1505
1508
15091
1513
1514
1515
1516
1519
1521
1522
1523
1524
1525
1526
1527
1528
1529
1530
1531
1532
1533
1534
1535
15351
15357
1545
1546
1547
15476
1548
1549
15491
1550
15537
15545
15620
15621
15643
15644
15646
15649
15664
15672
15673
15675
15677
15680
15685
15692
15694
15699
15700
15702
15751
15821
15822
15825
15826
15828
15833
1584
1585
1586
15860
15916
15926
1595
15990
16022
16023
16025
16103
16104
16108
16190
1620
16211
16375
16379
16380
16414
16417
16418
16426
16433
16463
16464
16476
16483
16484
16487
16489
16491
1650
1651
16510
16542
16543
16548
16549
16550
16551
16553
1659
16622
1664
16652
16666
1668
16690
16702
16752
16764
16774
16775
16798
16799
16800
16801
16803
16804
16816
16817
16820
16822
16824
16826
16827
16828
16829
16830
16831
16832
16833
16900
1697
17043
1712
17135
1716
17211
17232
17233
17297
1734
1736
1737
17389
1739
174
1740
17409
1741
17415
17416
1742
17424
17425
17426
1744
17476
17479
1748
17480
17481
1749
1750
1751
17515
17516
17518
1752
17522
17523
17526
17527
1753
17530
17533
17536
17537
17538
1754
17543
17544
17545
17547
17549
1755
17551
17554
1756
17561
1757
1758
1759
17598
1760
17602
17606
17607
1761
17618
1762
1763
1764
1765
1766
1767
1768
1769
1770
1771
1772
1773
1774
1775
1776
1777
1778
1779
1782
1783
1785
17873
1788
1789
1795
1796
1799
1800
1801
1802
1803
1804
1805
1807
1808
1809
1810
1811
1812
1813
1814
1815
1816
1817
1818
1819
1820
1821
1822
1823
1824
1825
1826
1827
1828
1829
1830
1831
1832
1833
18330
1834
1835
1836
1837
1838
1839
1840
1843
1844
1845
1846
1847
1850
1851
1852
1853
1854
1855
1856
1857
1858
1860
1861
1862
1863
1864
1865
1866
1867
1872
18765
18766
18767
1894
1895
1896
1897
1898
1899
18993
1900
1901
1909
1910
1911
1912
1914
1922
1923
1924
1925
1929
1930
1932
1933
1938
1939
1940
1943
1944
1945
1947
1954
1955
1956
1961
1968
1969
19697
1970
19700
19702
19706
1971
1972
1978
19875
19957
200
2001
2002
2003
20057
20058
2009
20097
20098
20101
20105
20111
20117
20118
20119
20120
20123
20124
20127
20130
20166
2022
204
20420
205
2076
208
209
2094
2098
20988
2116
2125
21323
21331
21358
21360
21361
21405
21409
21418
21419
2142
21423
21436
21437
21488
2158
21657
21659
2174
2177
2182
21879
21893
2213
2215
22207
2224
22341
22409
2243
22497
2257
226
2260
2279
23027
2309
2311
2312
232
2326
2334
2335
2341
23521
23527
23529
23532
23534
23537
23538
23541
23543
23545
23547
23548
23557
23559
2389
24042
24355
24360
24429
2472
24789
24790
24802
24866
25237
25655
2611
26172
2618
262
2640
2648
26541
2660
2664
2672
2674
2675
2677
2682
2683
2692
2693
2694
2695
2696
2698
272
2722
2745
2774
2782
2805
2806
2807
2811
2813
2814
2818
2841
28423
28437
2857
28631
28669
287
288
28803
28804
28813
2885
28941
29107
29141
2926
293
294
2950
2951
296
297
29781
29782
298
3000
3005
30191
3027
30280
30307
3035
30388
3043
3044
3045
3046
3048
30480
30569
30593
306
30606
3063
3069
30750
30754
30786
308
30890
309
31
3117
3127
31419
3151
316
31665
317
318
32
3215
3216
3217
3218
3219
3229
3231
3232
3235
3262
327
3300
3322
3326
3327
3329
3335
3336
3337
3340
3342
336
3374
34
341
3418
342
3426
343
3432
3434
3435
3444
3450
3453
3454
346
347
3479
349
350
3546
3550
3551
3552
3558
3560
3561
3562
3563
3564
3567
3568
3570
3583
360
361
3617
362
363
364
365
366
367
3676
369
371
373
375
3834
385
3850
3856
387
3875
3889
3890
3897
392
3925
393
3959
398
3980
3985
400
4010
4022
4039
404
4040
4041
4042
4043
4045
4047
4052
4055
4060
4062
408
4088
4089
4157
416
4187
420
421
4212
4228
4229
4230
4231
427
430
4362
4382
4390
4399
4400
4425
4434
4436
4493
45
455
4552
460
461
462
463
464
4648
466
4664
467
468
469
4693
470
471
4723
473
4743
4744
4750
4751
4752
4753
4754
4755
4758
4759
4766
4768
4770
4775
4778
4779
4780
4781
4782
4783
4784
4786
4787
4788
479
4794
48
480
4825
4880
4882
4889
49
4926
4993
4994
50
5031
51
5116
5171
52
5264
530
531
532
5356
5358
5359
5360
5361
5363
5364
5369
5370
5384
539
541
5417
5424
5451
5453
5465
5466
5467
5468
5469
5470
5498
55
550
5500
5501
5504
5509
551
5511
5520
5546
5547
5549
5550
5551
5552
5555
5558
557
5572
5573
5574
5575
5576
5577
5578
5580
5581
5582
5584
559
5591
5593
56
5604
5608
5610
5611
562
5624
5625
5634
564
5642
566
5708
5745
5757
5762
5773
58
5840
5845
5871
5889
5933
5998
6035
6066
6143
6160
617
618
6217
6218
6234
6251
6309
6310
6311
632
6356
6357
6358
6383
6392
6393
6395
6398
6399
6455
6476
6495
6509
6516
6622
6639
664
6647
6707
6720
6722
6754
6759
6766
6825
6835
6837
6878
6881
6884
691
6915
6920
6926
6951
6952
6953
6954
696
6969
6977
6986
6997
7013
7015
7053
7098
7161
7193
7201
7206
7235
7236
7237
7264
7280
7284
7286
7287
7292
731
7336
7356
740
741
7412
7433
7442
7474
7635
765
7657
766
7660
7686
7690
7694
7702
7703
7726
7729
7742
7753
7755
7789
786
787
788
7905
791
792
7992
8008
8017
802
8028
803
8038
804
8045
805
8056
8058
8061
8067
808
8138
8180
8223
825
8259
828
831
832
8331
834
835
8350
8369
8370
8379
840
841
8451
85
8516
8520
8568
8569
8570
8582
86
862
868
8743
8769
88
883
884
9093
9100
9103
9106
913
914
9167
923
926
927
929
9304
9320
9336
9357
936
939
95
9533
9664
971
9729
9730
9733
9735
980
9868
9918
9970
